0	0	5453.534265	9689.053403
0	1	5458.320994	9690.58358
0	2	5471.067384	9787.560387
0	3	5488.148924	9860.11265
0	4	5495.093721	9938.129832
0	5	5427.639819	9658.143822
0	6	5439.461662	9684.579456
0	7	5424.93748	9652.081405
0	8	5455.837314	9644.605396
0	9	3910.760063	9111.120017
0	10	3935.221342	9168.268495
0	11	3925.88318	9260.385167
0	12	3989.184939	9196.809945
0	13	4027.973132	9194.536538
0	14	4103.769347	9226.444378
0	15	4123.370219	9254.548634
0	16	4144.822561	9319.7269
0	17	4178.731331	9483.725472
0	18	4178.821647	9553.938749
0	19	4168.594589	9652.613324
0	20	4174.215549	9710.286435
0	21	4196.11947	9760.490823
0	22	4216.464257	9765.299951
0	23	4244.6261	9752.927375
0	24	4269.921611	9788.565932
0	25	4297.646137	9791.145374
0	26	4313.078228	9813.580688
0	27	4330.794355	9759.463418
0	28	4340.912083	9762.684077
0	29	4387.876218	9883.48793
0	30	4405.502029	9953.198435
0	31	4417.359522	10000.00729
0	32	3789.813156	9968.485635
0	33	3785.261723	9941.692959
0	34	3809.632686	9683.858087
0	35	3816.522819	9610.722899
0	36	3893.697537	9236.893303
0	37	3913.462402	9091.300578
0	38	3906.897881	8993.318226
0	39	3875.491804	8799.49577
0	40	7196.766415	9885.928927
0	41	7232.379299	9823.169799
0	42	7281.739175	9678.772069
0	43	7323.298632	9585.176225
0	44	7379.510613	9521.666582
0	45	7383.82675	9512.908138
0	46	7425.424234	9428.551651
0	47	7457.029956	9320.368117
0	48	7473.747857	9292.263861
0	49	7519.297839	9279.169915
0	50	7542.382993	9291.877673
0	51	7608.294399	9282.762189
0	52	7623.816806	9241.119507
0	53	7658.324512	9098.164516
0	54	7689.005687	9052.944134
0	55	7692.993835	9047.049308
0	56	7705.089001	8993.318226
0	57	7710.709962	8903.817428
0	58	7742.714974	8772.229468
0	59	440.540696	8788.988553
0	60	479.7804664	8795.101975
0	61	554.4524899	8773.089282
0	62	618.3531846	8725.478909
0	63	648.0361339	8732.984064
0	64	675.8533521	8771.923433
0	65	701.3485076	8852.199448
0	66	751.2859284	8905.48605
0	67	801.8412983	8922.048397
0	68	807.2626136	8930.413366
0	69	819.1391208	8948.819213
0	70	847.7168918	9026.340909
0	71	878.9613511	9050.801886
0	72	1023.171667	9247.597257
0	73	1029.265596	9360.866809
0	74	1075.614158	9540.786511
0	75	1077.334909	9547.431852
0	76	1080.745513	9713.732977
0	77	1120.291881	9774.801623
0	78	1144.356247	9837.954226
0	79	1151.027721	9876.03378
0	80	1146.350321	9905.165441
0	81	3843.341812	8752.606766
0	82	3830.505107	8720.363745
0	83	3302.198996	8983.423079
0	84	3313.06064	8990.928235
0	85	3357.396114	8974.832227
0	86	3408.367412	8909.653961
0	87	3452.7219	8916.904087
0	88	3493.501789	8943.645757
0	89	3517.038522	8939.113517
0	90	3534.445673	8967.021036
0	91	3549.133849	8964.383302
0	92	3592.780072	8851.142897
0	93	3628.737582	8798.439219
0	94	3656.081832	8766.779123
0	95	3702.195098	8713.332216
0	96	3716.702642	8715.663915
0	97	3741.90546	8751.462777
0	98	3771.697739	8756.220899
0	99	8177.344749	8612.682984
0	100	8169.546706	8654.260086
0	101	8196.855304	8743.986768
0	102	8207.517304	8828.598285
0	103	8205.848841	8910.20774
0	104	8196.80064	8996.014253
0	105	8196.983648	9092.859901
0	106	8203.094214	9185.304469
0	107	8179.666811	9296.293328
0	108	8143.690288	9410.89632
0	109	8138.613598	9458.987606
0	110	8119.119679	9643.577992
0	111	8078.520421	9734.302931
0	112	8069.543521	9848.519736
0	113	8061.203584	9862.641086
0	114	8050.396605	9856.440225
0	115	8033.676327	9816.218422
0	116	8013.840159	9820.721515
0	117	8002.560211	9836.176306
0	118	7976.449483	9826.616341
0	119	7889.085735	9741.837233
0	120	7880.489111	9728.881732
0	121	7857.950605	9694.948229
0	122	7845.365833	9701.892319
0	123	7806.161713	9792.646405
0	124	7787.269107	9855.631417
0	125	7786.634521	9871.785717
0	126	7785.43665	8718.636831
0	127	7812.127299	8766.728117
0	128	7835.428735	8767.668083
0	129	7866.055246	8734.36851
0	130	7895.93784	8734.36851
0	131	7921.74197	8755.608828
0	132	7950.899663	8755.49953
0	133	7981.219575	8770.5317
0	134	8016.994077	8767.806527
0	135	8068.728303	8735.097166
0	136	8084.630987	8706.767027
0	137	8117.505881	8694.598474
0	138	8136.800155	8687.421214
0	139	8146.554244	8673.467455
0	140	8152.103903	8615.6559
0	141	3269.305088	9195.979277
0	142	3249.06963	9281.202865
0	143	3245.243099	9379.214363
0	144	3271.427505	9498.903373
0	145	3257.121983	9534.979124
0	146	3199.876125	9563.914048
0	147	3164.244227	9603.108446
0	148	3137.425234	9663.841911
0	149	3138.040807	9712.428683
0	150	3149.575065	9764.520289
0	151	3146.563751	9790.759187
0	152	3109.845689	9771.245783
0	153	3081.593529	9784.893507
0	154	3061.503052	9749.757722
0	155	3043.351984	9676.520523
0	156	3024.183677	9544.539089
0	157	3009.894792	9488.643899
0	158	3010.458076	9448.618833
0	159	3024.366685	9402.473058
0	160	3023.658421	9378.959334
0	161	3037.583667	9377.961075
0	162	3046.741198	9389.524844
0	163	3060.759136	9385.189341
0	164	3076.91613	9337.768419
0	165	3076.281543	9318.255015
0	166	3075.447312	9292.373159
0	167	3063.606456	9228.528334
0	168	3046.4346	9193.866175
0	169	3034.375085	9205.233206
0	170	3025.200917	9240.45643
0	171	3010.838353	9209.627001
0	172	2997.058087	9229.031106
0	173	2982.569556	9338.56994
0	174	2961.35251	9383.491573
0	175	2926.664173	9416.069776
0	176	2910.091252	9408.229439
0	177	2885.974598	9362.338694
0	178	2870.706501	9404.892195
0	179	2857.470506	9474.522548
0	180	2845.430005	9462.434148
0	181	2832.391278	9389.940177
0	182	2831.195784	9383.105385
0	183	2776.649889	9261.769614
0	184	2773.550636	9222.771953
0	185	2777.068193	9159.845233
0	186	2765.227336	9141.111492
0	187	2741.345979	9178.804859
0	188	2731.263901	9151.97575
0	189	2781.039704	8792.711984
0	190	2807.530709	8742.070403
0	191	2823.668688	8722.753736
0	192	2835.637888	8708.435649
0	193	2868.168156	8611.291251
0	194	2876.962048	8605.148682
0	195	2939.812229	8716.137541
0	196	2987.736562	8769.394997
0	197	3065.70986	8820.983831
0	198	3115.682931	8834.383812
0	199	3168.360719	8831.491048
0	200	3221.97969	8798.635956
0	201	3240.34704	8808.254213
0	202	3261.454757	8913.851019
0	203	3284.447218	8971.137942
0	204	0	9913.231662
0	205	12.34947591	9683.552052
0	206	5.131354597	9605.083103
0	207	8.304285763	9580.622126
0	208	12.80343085	9570.865425
0	209	42.72167618	9505.59972
0	210	94.58186947	9452.539001
0	211	133.7123105	9425.323705
0	212	154.0570975	9390.938436
0	213	165.607993	9319.617601
0	214	169.7078479	9194.922726
0	215	162.7630503	9071.342694
0	216	145.1538765	8958.991249
0	217	142.3445846	8863.398888
0	218	133.5316792	8564.147218
0	219	113.7311627	8440.093559
0	220	1586.910031	9954.976355
0	221	1587.145327	9911.031121
0	222	1613.546016	9869.060544
0	223	1613.835976	9798.876413
0	224	1645.985969	9717.820736
0	225	1671.844764	9690.802177
0	226	1685.625029	9640.714374
0	227	1692.008919	9617.564978
0	228	1696.46766	9469.516683
0	229	1690.937015	9440.057127
0	230	1693.133111	9418.736656
0	231	1718.680555	9420.099243
0	232	1767.006555	9315.223807
0	233	1794.386455	9285.093887
0	234	1833.336265	9133.329447
0	235	1898.306487	8989.594794
0	236	1901.263136	8966.80244
0	237	1906.230496	8929.167365
0	238	1930.240197	8890.053119
0	239	1949.570121	8774.816197
0	240	1955.751989	8680.586422
0	241	1953.503605	8427.669977
0	242	161.8551404	8507.108038
0	243	186.7703744	8505.446702
0	244	216.816963	8560.059458
0	245	270.0913091	8542.353121
0	246	292.4848353	8511.69857
0	247	308.3875188	8439.598073
0	248	328.661004	8425.25084
0	249	338.6147387	8432.253222
0	250	368.8443353	8540.38575
0	251	393.7762064	8708.938421
0	252	400.2313982	8752.519328
0	253	426.7414163	8786.24152
0	254	2844.757391	8562.87207
0	255	2815.673377	8402.400192
0	256	2784.086669	8341.834318
0	257	2769.633789	8337.666407
0	258	5131.202486	8335.137971
0	259	5140.32199	8355.897376
0	260	5209.917323	8638.171365
0	261	5233.670337	8783.545494
0	262	5295.142017	9074.592499
0	263	5313.328735	9148.558354
0	264	5351.734274	9304.774882
0	265	5418.772249	9638.273377
0	266	2724.918039	8321.628692
0	267	2647.1634	8467.031966
0	268	2626.98023	8525.37544
0	269	2583.897291	8526.2644
0	270	2562.682622	8549.304498
0	271	2463.603984	8717.609426
0	272	2435.55147	8752.803503
0	273	2428.516356	8761.612953
0	274	2402.113291	8808.807992
0	275	2359.210984	8824.656257
0	276	2325.611187	8910.710512
0	277	2280.241837	8956.185924
0	278	2263.904212	8985.062555
0	279	2228.76192	8965.439853
0	280	2207.673217	9005.158883
0	281	2158.641329	9028.177122
0	282	2139.259117	9018.026946
0	283	2117.117524	8938.807482
0	284	2115.394397	8903.372948
0	285	2116.772898	8892.945883
0	286	2132.185976	8775.923753
0	287	2134.218078	8716.108395
0	288	2113.744948	8588.695633
0	289	2103.318244	8551.694489
0	290	2080.889067	8545.9964
0	291	2060.106962	8470.340064
0	292	2050.497853	8473.619015
0	293	2036.498928	8541.325716
0	294	2019.362723	8571.710665
0	295	1998.692325	8557.924497
0	296	1967.576209	8443.598394
0	297	5123.188161	8315.012496
0	298	5468.474374	9638.550266
0	299	5537.180811	9529.506919
0	300	5622.315189	9432.719562
0	301	5686.85047	9312.97226
0	302	5706.869646	9302.355744
0	303	5758.694188	9331.152223
0	304	5766.382901	9317.169318
0	305	5756.410153	9222.859391
0	306	5749.372663	9156.172808
0	307	5753.762478	9044.877914
0	308	5775.250471	8947.595071
0	309	5809.594183	8862.065448
0	310	5858.062786	8539.635235
0	311	5861.490027	8491.653247
0	312	5857.064561	8435.954794
0	313	5843.303309	8379.141498
0	314	5830.735174	8327.159189
0	315	5818.423726	8227.260473
0	316	119.0074976	8935.280788
0	317	94.61752038	8714.410627
0	318	94.34657345	8590.5027
0	319	89.65015998	8540.997821
0	320	71.48007851	8482.064136
0	321	9.411840761	8330.496433
0	322	6.039264488	8208.861912
0	323	102.2705828	8384.555411
0	324	24.8962202	8186.091417
0	325	5787.107965	8267.788311
0	326	5693.48867	8251.641297
0	327	5583.819334	8209.780019
0	328	5489.29213	8201.6045
0	329	5435.219203	8179.008882
0	330	5426.007008	8180.422475
0	331	5412.552353	8182.50643
0	332	5373.06065	8242.074046
0	333	5328.979486	8227.486356
0	334	5312.513518	8243.524071
0	335	5280.943447	8305.838719
0	336	5148.735605	8315.347678
0	337	20.30913619	8174.891977
0	338	48.34263664	8121.525222
0	339	3839.189669	8624.938975
0	340	3834.039301	8553.91689
0	341	3814.818706	8442.235808
0	342	3803.396153	8410.327968
0	343	3822.181807	8343.145899
0	344	3814.129455	8296.723235
0	345	3754.435568	8150.154111
0	346	3739.566761	8030.465101
0	347	3750.357103	8020.87599
0	348	3834.692901	8171.336136
0	349	3847.004349	8246.832169
0	350	3851.810092	8449.799255
0	351	3869.635548	8559.593119
0	352	3867.803091	8716.385284
0	353	3745.461045	8013.341689
0	354	3757.211585	7986.993493
0	355	9298.670506	9894.381335
0	356	9278.306705	9729.916423
0	357	9237.272506	9457.34813
0	358	9184.578081	9106.835521
0	359	9176.238144	9005.909399
0	360	9145.718587	8802.723716
0	361	9161.965896	8672.469196
0	362	9162.438865	8607.429375
0	363	9157.015173	8582.101298
0	364	9108.130642	8353.536531
0	365	9112.572746	7983.546951
0	366	8799.705096	9902.833743
0	367	8799.270155	9869.279141
0	368	8796.387184	9641.02041
0	369	8781.192765	9482.610628
0	370	8770.511752	9468.183242
0	371	8764.981107	9414.204417
0	372	8772.596142	9359.919556
0	373	8768.263368	9244.318306
0	374	8788.282543	9039.405708
0	375	8802.533401	8989.565648
0	376	8813.323744	8951.821275
0	377	8842.172462	8891.277261
0	378	8855.517787	8650.65324
0	379	8855.465499	8578.880639
0	380	8868.392519	8435.007542
0	381	8886.833548	8385.116476
0	382	8924.333554	8144.681905
0	383	8929.103646	8113.990921
0	384	8949.213137	8090.950823
0	385	8967.599501	8004.335502
0	386	9032.695689	7985.711059
0	387	3726.002777	7895.984378
0	388	6377.482314	7878.671515
0	389	6364.117975	7948.746348
0	390	6312.783039	8080.662202
0	391	6300.690249	8127.5002
0	392	6290.009236	8264.727956
0	393	6272.364411	8300.810994
0	394	6274.612795	8356.232558
0	395	6287.615871	8419.691196
0	396	6301.324835	8601.840585
0	397	6296.809053	8706.10395
0	398	6284.224281	8997.041657
0	399	6272.093464	9160.792486
0	400	6268.285947	9372.372285
0	401	6275.630035	9488.563746
0	402	6271.040574	9613.222189
0	403	6271.368562	9617.339095
0	404	6279.328223	9721.187126
0	405	6292.963508	9789.760928
0	406	6288.939709	9919.84057
0	407	3770.502245	7957.191469
0	408	3809.941661	7953.468038
0	409	3877.359912	7894.017007
0	410	3955.730124	7879.698919
0	411	3974.316132	7867.610519
0	412	3999.086386	7916.612625
0	413	4137.604439	7909.55195
0	414	4336.959586	7898.96458
0	415	4368.764953	7932.264152
0	416	4442.54808	8052.120753
0	417	4511.36147	8119.638004
0	418	4519.085835	8127.223311
0	419	4550.475274	8125.2778
0	420	4624.329703	8091.286005
0	421	4719.710153	8120.57797
0	422	4788.597222	8107.403872
0	423	4815.47088	8084.66981
0	424	4841.346312	8045.060078
0	425	4863.359561	8039.944914
0	426	4899.352722	8062.343794
0	427	4937.142689	8085.864805
0	428	4947.859353	8119.164377
0	429	4959.136925	8237.738544
0	430	4979.084798	8202.245717
0	431	4991.377233	8205.692259
0	432	4992.484788	8271.00897
0	433	5005.540152	8299.645145
0	434	5020.608604	8308.5056
0	435	7712.849016	8737.151976
0	436	7646.809267	8722.950473
0	437	7617.615924	8691.202938
0	438	7554.459145	8578.771341
0	439	7454.382281	8588.855937
0	440	7426.56744	8659.069215
0	441	7386.020469	8645.982556
0	442	7381.48805	8638.863588
0	443	7357.1361	8600.842326
0	444	7335.86439	8509.833211
0	445	7302.827878	8455.854385
0	446	7261.629684	8409.242271
0	447	7239.616434	8414.969506
0	448	7217.058914	8445.653204
0	449	7173.049051	8330.190398
0	450	7152.668613	8297.692347
0	451	7097.832757	8147.516377
0	452	7090.488669	8121.496076
0	453	7080.316276	8085.30374
0	454	7041.910737	8013.844461
0	455	6997.884237	7966.75872
0	456	6959.842337	7848.570742
0	457	6949.25164	7835.586094
0	458	6407.039296	9915.672659
0	459	6500.896264	9627.817166
0	460	6596.419317	9366.091271
0	461	6660.574322	9243.12331
0	462	6862.667458	8855.033919
0	463	6885.91423	8766.086899
0	464	6893.928555	8673.58404
0	465	6893.293968	8558.726018
0	466	6892.676019	8446.345427
0	467	6901.762248	8060.121394
0	468	6911.390371	7991.190551
0	469	3720.274864	7835.505942
0	470	3721.361028	7775.522993
0	471	133.2060675	7980.792632
0	472	176.3080201	7847.288307
0	473	189.3823979	7772.936264
0	474	208.3130321	7716.538302
0	475	233.4801992	7688.12801
0	476	234.7493717	7654.937736
0	477	219.4266097	7598.262884
0	478	6944.754871	7809.988414
0	479	6949.432271	7733.771013
0	480	7034.566649	7397.190303
0	481	215.474112	7396.658384
0	482	9907.521534	9895.13185
0	483	9906.03608	9889.018428
0	484	9929.627476	9790.977783
0	485	9934.140882	9737.975357
0	486	9918.547173	9623.146482
0	487	9889.698455	9558.886322
0	488	9872.797546	9537.675151
0	489	9866.83196	9530.169995
0	490	9824.2006	9416.288373
0	491	9811.164249	9325.009655
0	492	9816.27659	9238.700369
0	493	9829.061007	9173.10677
0	494	9821.063319	9127.354469
0	495	9737.381122	9116.541216
0	496	9732.394748	9067.699415
0	497	9694.749761	9092.69231
0	498	9672.211255	9087.300257
0	499	9667.386498	9024.592135
0	500	9662.110163	8956.23693
0	501	9640.351223	8949.263693
0	502	9628.436688	8838.048951
0	503	9610.359299	8829.742274
0	504	9597.738877	8801.885761
0	505	9579.533144	8633.362237
0	506	9584.210544	8532.013495
0	507	9581.672199	8428.311194
0	508	9553.674349	8216.862554
0	509	9550.156793	8190.15003
0	510	9523.84642	7907.438848
0	511	9484.081392	7686.852863
0	512	9471.876897	7430.431583
0	513	9477.771181	7385.93257
0	514	9500.074392	7361.639184
0	515	9507.399466	7353.660403
0	516	3742.250086	7663.557735
0	517	3760.346489	7596.266367
0	518	3797.701514	7517.017757
0	519	3846.987712	7453.027201
0	520	3939.102538	7390.792705
0	521	3949.075287	7374.004474
0	522	3952.122251	7347.794723
0	523	7011.973478	7359.110748
0	524	6984.702907	7344.100438
0	525	6967.131761	7348.625391
0	526	6940.258103	7378.704304
0	527	6901.778885	7375.64395
0	528	6839.330371	7496.447803
0	529	6773.162279	7556.656636
0	530	6741.230945	7552.678175
0	531	6710.930047	7512.150336
0	532	6681.518044	7525.134983
0	533	6674.373602	7524.858094
0	534	6622.658389	7522.715846
0	535	6605.051592	7498.757642
0	536	6591.107332	7503.676069
0	537	6575.204648	7560.103178
0	538	6555.095157	7669.394268
0	539	6484.358994	7765.540408
0	540	6443.595741	7795.364291
0	541	6412.496263	7846.45764
0	542	3965.648207	7354.913691
0	543	3976.003609	7335.509585
0	544	229.9626426	7161.841751
0	545	3653.581514	7610.824911
0	546	3624.114847	7574.30468
0	547	3598.745658	7570.187775
0	548	3585.236339	7512.849846
0	549	3577.257665	7511.538265
0	550	3533.086185	7597.956849
0	551	3503.674183	7512.929998
0	552	3464.398762	7347.736431
0	553	3462.186028	7306.625668
0	554	3460.227605	7270.163729
0	555	3406.827292	7186.186142
0	556	3368.512069	7178.185501
0	557	3307.240035	7183.103928
0	558	3283.448993	7199.199936
0	559	3264.102431	7165.900364
0	560	3233.076631	7054.882359
0	561	3196.085245	7154.555192
0	562	3184.318067	7204.395252
0	563	3128.612329	7216.789688
0	564	3054.665207	7321.329943
0	565	3031.546779	7315.770299
0	566	2991.109138	7260.428887
0	567	2972.741788	7265.682496
0	568	2936.546605	7304.658297
0	569	2891.395914	7319.945497
0	570	2851.160295	7333.564074
0	571	2815.889659	7365.94554
0	572	2739.912812	7329.476315
0	573	2671.988318	7269.245623
0	574	2630.989769	7253.790832
0	575	2611.241541	7257.040637
0	576	2585.530103	7285.975561
0	577	2581.575228	7469.429244
0	578	2581.52294	7474.209226
0	579	2591.695334	7562.908503
0	580	2617.280805	7625.893514
0	581	2680.456598	7698.69352
0	582	2780.550098	7757.758363
0	583	2806.351852	7815.686503
0	584	2832.990213	7915.526927
0	585	2839.64505	7980.209707
0	586	2836.816744	8048.280737
0	587	2836.198795	8063.210895
0	588	2811.338226	8177.646296
0	589	2773.676602	8303.251991
0	590	3228.815159	7039.675311
0	591	3231.244174	7031.725676
0	592	5462.292506	6918.456124
0	593	5485.755559	6965.184824
0	594	5517.32563	6981.302691
0	595	5522.347655	7010.405206
0	596	5509.002331	7130.429397
0	597	5509.872213	7178.987023
0	598	5516.890689	7216.738682
0	599	5564.325416	7265.099571
0	600	5607.08512	7326.139071
0	601	5623.185071	7323.362892
0	602	5647.6107	7278.331961
0	603	5724.894747	7237.388789
0	604	5730.206733	7234.583464
0	605	5765.964597	7229.4683
0	606	5771.585558	7293.706599
0	607	5826.65671	7357.995905
0	608	5881.164577	7358.717274
0	609	5921.164901	7444.276044
0	610	5942.543564	7462.200978
0	611	5957.067746	7462.477867
0	612	5994.803048	7409.111113
0	613	6007.169161	7409.081966
0	614	6027.262015	7505.286398
0	615	6040.951965	7531.860477
0	616	6127.880772	7583.813639
0	617	6156.948149	7585.977747
0	618	6179.904959	7540.589774
0	619	6273.761927	7569.633996
0	620	6287.432863	7546.368015
0	621	6304.768714	7551.956805
0	622	6321.469977	7582.531205
0	623	6326.401687	7618.220768
0	624	6323.972671	7686.379236
0	625	6344.317459	7717.398116
0	626	6356.702585	7777.577802
0	627	5815.685736	8204.883451
0	628	5793.6915	8153.462208
0	629	5769.591483	8128.447453
0	630	5738.095091	8022.267723
0	631	5678.800494	7893.878562
0	632	5617.038854	7833.582291
0	633	5551.868987	7709.28089
0	634	5518.285828	7657.8305
0	635	5516.382069	7657.276722
0	636	5463.397684	7641.792785
0	637	5448.747536	7618.031318
0	638	5431.231055	7565.466085
0	639	5419.371184	7491.973856
0	640	5412.735361	7385.823272
0	641	5423.413998	7068.333345
0	642	5454.694108	6930.770408
0	643	1954.953409	8386.114734
0	644	1932.994824	8367.074957
0	645	1910.166357	8309.39456
0	646	1887.22856	8107.877498
0	647	1871.561172	8054.867785
0	648	1807.586799	7964.55818
0	649	1786.826085	7890.512172
0	650	1782.165322	7836.139873
0	651	1785.953826	7748.198398
0	652	1792.573012	7682.845255
0	653	1795.964602	7649.684128
0	654	1808.749019	7575.113488
0	655	1802.783433	7537.223384
0	656	1762.091482	7471.207164
0	657	1749.471059	7415.370266
0	658	1744.864961	7213.816772
0	659	1735.871425	7178.710133
0	660	1686.478275	7154.555192
0	661	1673.91014	7118.75633
0	662	1660.548178	7042.706519
0	663	1628.723797	6976.828744
0	664	1625.950156	6971.072363
0	665	1605.351059	6895.306728
0	666	1617.046935	6744.402101
0	667	9991.6767	6723.023339
0	668	9979.220272	6709.375615
0	669	9102.072364	7660.446375
0	670	9018.316488	7123.28857
0	671	9016.757355	7101.217584
0	672	9008.598049	6982.191651
0	673	8969.902549	6876.565699
0	674	8950.099656	6694.394451
0	675	256.2373647	7093.62499
0	676	262.5475761	7043.012555
0	677	261.3687193	6977.520967
0	678	281.3165929	6894.527066
0	679	328.7156688	6796.989194
0	680	343.4751463	6714.629223
0	681	359.1971985	6684.302567
0	682	4674.595113	6566.056296
0	683	4684.38723	6566.668367
0	684	4704.841346	6639.912853
0	685	4753.000975	6760.68756
0	686	4768.832357	6818.17122
0	687	4776.466405	6882.766561
0	688	4758.479332	7057.184911
0	689	4769.212633	7269.267482
0	690	4788.252597	7317.191177
0	691	4803.775004	7334.533187
0	692	4808.561733	7336.478698
0	693	4874.275871	7363.307806
0	694	4915.219755	7355.970242
0	695	5028.641943	7542.950619
0	696	5125.726506	7665.583398
0	697	5134.339767	7696.886454
0	698	5135.734906	7752.198719
0	699	5086.831361	8100.955268
0	700	5084.744594	8175.810083
0	701	3987.373873	7358.331087
0	702	4074.502325	7365.362616
0	703	4107.341569	7337.068909
0	704	4144.168961	7322.779968
0	705	4179.437219	7286.50748
0	706	4205.348302	7272.1311
0	707	4222.919448	7218.072122
0	708	4245.712265	7184.823556
0	709	4312.443642	7191.804079
0	710	4343.341099	7179.854123
0	711	4346.423714	7172.42912
0	712	4398.084263	7047.901835
0	713	4430.562243	7006.069703
0	714	4509.638343	6961.315661
0	715	4549.876339	6902.250818
0	716	4623.260176	6749.626564
0	717	4657.893849	6641.552328
0	718	4668.700828	6607.75727
0	719	4669.608738	6576.148179
0	720	9963.78818	6692.448939
0	721	9921.213861	6678.713777
0	722	9840.393244	6609.841226
0	723	9747.425172	6574.814739
0	724	9693.045648	6531.510722
0	725	9668.693698	6530.621762
0	726	9591.428665	6527.758145
0	727	9585.570032	6580.097494
0	728	9589.814867	6877.4328
0	729	9579.259821	6983.248202
0	730	9568.871145	7037.343612
0	731	9564.918647	7182.127529
0	732	9571.010199	7289.451249
0	733	9567.221696	7340.821487
0	734	9559.639935	7358.469531
0	735	9530.37529	7355.773505
0	736	9497.426717	6560.248909
0	737	9457.80667	6584.906623
0	738	9430.424393	6615.706905
0	739	9376.2255	6725.719365
0	740	9344.348831	6762.742369
0	741	9250.311232	6747.098128
0	742	9230.582018	6753.546732
0	743	9221.514802	6746.369472
0	744	9189.783114	6721.245419
0	745	9139.662685	6724.721107
0	746	9086.697314	6764.607728
0	747	9028.488881	6772.251328
0	748	9000.310401	6764.469284
0	749	8961.759881	6692.223056
0	750	366.7029038	6620.56704
0	751	418.7627422	6456.991089
0	752	1588.214854	6657.983518
0	753	1568.050698	6486.982563
0	754	1563.463614	6472.751915
0	755	1539.273282	6458.186084
0	756	1525.618983	6432.224076
0	757	1487.44874	6443.452663
0	758	1472.019025	6468.999337
0	759	1454.937485	6581.183191
0	760	1437.385353	6624.705805
0	761	1396.838382	6660.56296
0	762	473.0543277	6482.894804
0	763	504.8406808	6449.092459
0	764	543.9901356	6471.943107
0	765	555.8500057	6524.479193
0	766	573.0765263	6511.159364
0	767	584.3897491	6441.478006
0	768	603.593707	6433.586663
0	769	625.9159313	6459.738121
0	770	656.8324022	6449.121605
0	771	672.1551642	6487.288599
0	772	695.8891646	6650.893696
0	773	705.1750388	6635.992684
0	774	706.498876	6621.237403
0	775	715.1477873	6524.202304
0	776	735.4379097	6447.868317
0	777	757.8504497	6412.127748
0	778	783.3099543	6412.098602
0	779	804.6529669	6444.727811
0	780	839.4672708	6585.351103
0	781	865.2523871	6635.57735
0	782	869.3498652	6741.757081
0	783	861.1905598	6785.345274
0	784	811.3791056	6888.522942
0	785	791.0509556	6930.573671
0	786	788.1679852	6968.492921
0	787	809.8389862	7190.215609
0	788	755.0031302	7391.965841
0	789	738.3945586	7505.840177
0	790	694.3846962	7590.896174
0	791	693.8237885	7625.92266
0	792	710.7056837	7642.630739
0	793	716.7069205	7658.165682
0	794	724.0153575	7677.008722
0	795	738.4302095	7818.717711
0	796	740.4242839	7941.270339
0	797	772.9735665	8007.869483
0	798	775.6022271	8055.232113
0	799	762.1309358	8122.858663
0	800	760.769071	8179.482509
0	801	767.6972315	8267.839317
0	802	787.0818207	8375.359774
0	803	805.7581452	8422.525667
0	804	807.0083038	8497.351336
0	805	807.5715882	8531.627307
0	806	812.2870155	8562.646187
0	807	808.5864508	8622.184656
0	808	794.1882359	8656.183738
0	809	743.7802231	8694.875363
0	810	717.1608755	8703.043595
0	811	627.8363271	8648.678583
0	812	573.0575125	8686.422956
0	813	520.5983839	8662.654202
0	814	479.9444606	8671.776973
0	815	477.1161549	8672.410904
0	816	462.446993	8692.929852
0	817	3957.869178	7298.537588
0	818	3980.519391	7198.500426
0	819	3978.52294	6730.331757
0	820	3991.796963	6447.176094
0	821	3994.515939	6388.66503
0	822	8947.000404	6665.736416
0	823	8902.391606	6492.760804
0	824	8840.323368	6401.423794
0	825	8723.112676	6274.535664
0	826	8523.738516	6269.835834
0	827	8497.737118	6341.134809
0	828	8467.381555	6481.452065
0	829	8441.976715	6555.556365
0	830	8404.098809	6636.633901
0	831	8355.5185	6778.335604
0	832	8346.1637	6880.791903
0	833	8323.442186	7040.513265
0	834	8321.612106	7053.410474
0	835	8331.475525	7141.24265
0	836	8309.333932	7587.784813
0	837	8299.270868	7618.417505
0	838	8264.83684	7666.479645
0	839	8222.550105	7812.130663
0	840	8215.823966	7867.049454
0	841	8203.348524	7968.616793
0	842	8202.240969	8163.743542
0	843	8183.239033	8273.544692
0	844	8196.075738	8393.423152
0	845	8542.742829	6302.472329
0	846	8575.292112	6305.860579
0	847	8640.64261	6264.247043
0	848	8694.406562	6258.104475
0	849	8701.586656	6238.875247
0	850	8711.561781	6212.046138
0	851	8715.459614	6256.909479
0	852	8716.583806	6198.624298
0	853	8702.713225	6173.638689
0	854	8739.466938	6148.259606
0	855	422.898248	6442.753153
0	856	414.9908757	6382.602613
0	857	368.1170567	6237.680251
0	858	359.8127709	6169.077303
0	859	377.6382269	6082.294392
0	860	376.3690544	6020.118188
0	861	3190.69958	6887.910871
0	862	3090.696395	6625.405315
0	863	3079.815737	6419.654763
0	864	3082.627406	6230.561284
0	865	3082.972031	6206.238751
0	866	3104.69532	6094.586816
0	867	3104.15105	6017.618898
0	868	3989.567592	7310.217941
0	869	4030.057522	7122.756651
0	870	4111.039756	6550.659798
0	871	4113.887076	6485.42324
0	872	4119.852662	6349.893252
0	873	4151.857674	6125.991883
0	874	4174.270214	6005.858393
0	875	3996.094086	6360.509768
0	876	4025.976681	6234.896786
0	877	4043.837787	6195.928271
0	878	4128.446908	6058.868106
0	879	4152.038305	5997.384126
0	880	4325.389676	5873.942538
0	881	4363.179643	5896.479864
0	882	4382.816165	5944.593009
0	883	4408.891242	6122.348604
0	884	4500.174214	6405.234664
0	885	4520.08406	6445.0047
0	886	4577.184937	6480.395514
0	887	4583.78511	6498.990812
0	888	4604.745469	6558.055655
0	889	4665.292601	6548.772579
0	890	7910.264753	5854.31255
0	891	7961.452333	5942.734937
0	892	7996.323678	5973.309336
0	893	8072.519184	5968.390909
0	894	8216.565505	6082.549421
0	895	8269.043648	6174.993989
0	896	8270.892742	6176.640751
0	897	8305.364797	6207.266156
0	898	8329.788048	6254.942108
0	899	8363.751484	6260.217577
0	900	8423.825647	6229.898207
0	901	8501.364004	6231.399238
0	902	7155.223595	6914.091475
0	903	7195.480605	6772.054591
0	904	7244.802454	6619.736372
0	905	7275.084338	6526.169675
0	906	7594.713778	6343.386355
0	907	7611.341363	6326.816721
0	908	7666.647811	6271.562748
0	909	7692.958184	6196.125008
0	910	7818.095262	6005.078731
0	911	7865.365995	5963.691079
0	912	7900.218326	5890.840067
0	913	4312.605259	5739.986447
0	914	4210.733967	5851.172043
0	915	4229.956938	5814.068887
0	916	4279.440404	5783.326897
0	917	3251.971614	6928.212826
0	918	3260.765506	6787.61868
0	919	3276.142933	6691.559979
0	920	3267.619988	6569.808874
0	921	3246.151009	6512.747834
0	922	3240.040442	6453.238511
0	923	3242.505109	6351.700318
0	924	3251.862285	6308.141272
0	925	3281.583262	6241.206946
0	926	3280.494721	6188.867596
0	927	3269.759043	6108.897617
0	928	3232.406394	6004.051327
0	929	3226.730769	5954.633887
0	930	3251.788606	5803.394079
0	931	3255.180196	5695.319843
0	932	3281.599899	5533.077332
0	933	3253.167108	5527.882016
0	934	3145.368257	5979.422759
0	935	3153.762859	5989.208607
0	936	3173.382744	5942.341463
0	937	3177.969828	5797.725136
0	938	3203.448346	5633.194646
0	939	3226.241163	5600.259401
0	940	8745.867465	6033.095549
0	941	8761.228255	5912.852761
0	942	8758.197927	5769.067102
0	943	8716.728786	5516.230809
0	944	8709.909955	5431.400695
0	945	8690.527743	6120.876719
0	946	8687.352435	5987.066359
0	947	8691.559243	5545.333324
0	948	8695.675735	5482.348312
0	949	1619.005359	6568.395281
0	950	1611.967869	6416.572549
0	951	1623.518764	6294.967174
0	952	1641.959792	6183.001916
0	953	1685.589379	6140.922041
0	954	1694.12896	6104.059342
0	955	1695.761772	6037.460197
0	956	1678.444936	5928.890476
0	957	1676.251216	5919.549108
0	958	1662.651582	5862.429776
0	959	1683.540639	5804.421484
0	960	1694.582915	5570.683261
0	961	1730.286115	5431.145666
0	962	3308.128931	5301.423065
0	963	3311.936448	5180.065433
0	964	3339.245047	5049.315428
0	965	3269.794694	5368.554128
0	966	3273.804233	5240.551155
0	967	3300.078955	5072.800006
0	968	3313.260285	5044.921633
0	969	396.1149062	5958.852804
0	970	398.1113573	5848.811198
0	971	431.0028887	5554.259358
0	972	454.5396208	5450.214589
0	973	459.7803048	5349.208315
0	974	430.8412712	5231.326372
0	975	423.6421637	5161.86361
0	976	418.6011248	5113.415283
0	977	425.165646	5036.083038
0	978	421.1941344	5025.269785
0	979	9979.220272	5008.262957
0	980	9981.48767	5009.261216
0	981	9996.755767	5007.898629
0	982	3427.642671	4998.724852
0	983	3448.660072	5022.238576
0	984	3456.693411	5067.021765
0	985	3465.396987	5183.737859
0	986	3473.520642	5201.801237
0	987	3523.928654	5211.754676
0	988	3535.933505	5245.469582
0	989	3556.713233	5394.23196
0	990	3617.134399	5504.361005
0	991	3654.722344	5602.372503
0	992	3670.679692	5627.941037
0	993	3687.216961	5654.434964
0	994	3716.013391	5660.77427
0	995	3723.554748	5675.332814
0	996	3727.925549	5746.216455
0	997	3716.647978	5879.749925
0	998	3722.050279	5939.120804
0	999	3744.89776	5999.606526
0	1000	3770.193271	6027.069565
0	1001	3831.465305	6065.31671
0	1002	3860.007425	6104.948302
0	1003	3902.710087	6211.550653
0	1004	3920.80649	6256.661736
0	1005	3941.966495	6325.206392
0	1006	3955.765774	6349.11359
0	1007	3985.722047	6367.206115
0	1008	9730.597942	4956.951012
0	1009	9713.516402	5123.776769
0	1010	9693.589918	5232.076888
0	1011	9701.58523	5439.656366
0	1012	9698.647595	5612.850575
0	1013	9668.149428	5828.605571
0	1014	9664.921832	5845.889288
0	1015	9644.213405	5956.550252
0	1016	9640.496204	6047.945555
0	1017	9589.016287	6300.133344
0	1018	9766.065846	4966.729574
0	1019	9818.997943	4956.506532
0	1020	9901.829272	4973.877688
0	1021	3354.332513	5004.95486
0	1022	3380.55257	4954.167547
0	1023	4508.749447	4866.364517
0	1024	4509.821351	4856.658821
0	1025	4513.628868	4822.025809
0	1026	4503.00252	4789.644343
0	1027	4324.881057	5591.530104
0	1028	4334.673174	5529.572498
0	1029	4470.743198	4904.691815
0	1030	4474.080123	4889.484767
0	1031	4494.569891	4805.740351
0	1032	4521.733509	4753.896487
0	1033	1464.349326	4716.596594
0	1034	1481.827779	4734.944149
0	1035	1493.488004	4793.979845
0	1036	1511.874368	4827.556307
0	1037	1565.203379	4855.937452
0	1038	1575.974708	4899.773388
0	1039	1629.612693	4961.621696
0	1040	1668.652819	5129.452998
0	1041	1685.154437	5259.590933
0	1042	1717.249765	5337.44781
0	1043	1717.865337	5341.892611
0	1044	1449.26186	4795.677614
0	1045	1434.393053	4806.264983
0	1046	1416.748228	4792.894148
0	1047	1408.462956	4823.08236
0	1048	1411.906834	4888.960135
0	1049	1431.526719	4927.790205
0	1050	1434.847008	4956.834428
0	1051	1426.614024	5005.450346
0	1052	1438.290886	5064.522475
0	1053	1432.3253	5090.149302
0	1054	1389.748604	5063.713667
0	1055	1379.901822	5075.219143
0	1056	1364.871398	5070.686904
0	1057	1347.915824	5119.331968
0	1058	1302.874462	5162.614126
0	1059	1288.295615	5230.597716
0	1060	1284.595051	5247.779421
0	1061	1267.76782	5393.401293
0	1062	1273.481473	5416.25194
0	1063	1293.771596	5416.747426
0	1064	1302.439521	5438.48323
0	1065	1309.96424	5491.740686
0	1066	1331.178909	5547.643163
0	1067	1352.086981	5755.637975
0	1068	1391.345765	5834.995883
0	1069	1409.931774	5965.607444
0	1070	1408.424928	6007.971495
0	1071	1380.973726	6085.580629
0	1072	1353.011528	6197.34915
0	1073	1347.951475	6298.413716
0	1074	1334.389868	6372.794905
0	1075	1340.626401	6462.630885
0	1076	1328.459933	6559.002907
0	1077	1331.542548	6594.692471
0	1078	1356.058492	6641.166141
0	1079	1375.695015	6661.597651
0	1080	9788.278741	4633.515254
0	1081	9775.658318	4699.057848
0	1082	9738.559979	4800.792778
0	1083	5443.523489	6777.198901
0	1084	5440.478901	6673.241571
0	1085	5446.280493	6618.927564
0	1086	5479.174401	6501.657692
0	1087	5483.616505	6388.723322
0	1088	5492.28443	6334.824649
0	1089	5558.9041	6175.467615
0	1090	5564.670041	6122.851376
0	1091	5563.69083	6100.088167
0	1092	5561.081183	6038.85193
0	1093	5537.744096	5960.441274
0	1094	5467.768486	5810.338169
0	1095	5450.577616	5747.797638
0	1096	5446.660769	5703.830544
0	1097	5451.25023	5667.71836
0	1098	5484.36042	5567.185713
0	1099	5486.245165	5495.631708
0	1100	5478.775111	5449.522366
0	1101	5465.591403	5427.618971
0	1102	5441.149138	5420.835185
0	1103	5429.543578	5394.122662
0	1104	5429.217966	5390.122341
0	1105	5413.804889	5196.525769
0	1106	5404.702023	4939.740161
0	1107	5423.50669	4803.816699
0	1108	5424.086612	4601.410678
0	1109	3099.544952	5936.621514
0	1110	3080.395659	5854.815322
0	1111	3043.078661	5773.286019
0	1112	2977.673498	5777.235334
0	1113	2951.634071	5751.054729
0	1114	2895.258096	5587.639082
0	1115	2870.01725	5583.332726
0	1116	2832.990213	5472.14713
0	1117	2764.954013	5267.708159
0	1118	2738.028067	5115.943719
0	1119	2712.043306	5067.990877
0	1120	2647.30838	4854.465567
0	1121	2607.270029	4839.120075
0	1122	2580.760011	4857.467629
0	1123	2568.71951	4865.803452
0	1124	2530.078674	4874.059123
0	1125	2492.652347	4910.921823
0	1126	2478.273146	4951.835848
0	1127	2444.925283	4996.087118
0	1128	2423.98156	4994.054168
0	1129	2385.431041	4955.471841
0	1130	2348.658314	4885.404295
0	1131	2274.13127	4818.608413
0	1132	2234.8915	4736.525332
0	1133	2232.189161	4730.856389
0	1134	2142.738646	4656.220171
0	1135	2097.062698	4586.261923
0	1136	1731.065682	5440.348589
0	1137	1767.477147	5457.107673
0	1138	1789.963365	5436.180678
0	1139	1820.715842	5448.524108
0	1140	1845.196135	5411.216928
0	1141	1884.851832	5271.380584
0	1142	1896.093753	5112.91251
0	1143	1907.209708	5084.866547
0	1144	1953.30396	5093.289808
0	1145	1961.410978	5068.020023
0	1146	1950.440004	4965.702169
0	1147	1952.652737	4949.970489
0	1148	1961.91722	4884.209299
0	1149	1974.646973	4851.405213
0	1150	1993.361325	4833.086805
0	1151	2059.672021	4693.024578
0	1152	2070.353034	4634.761256
0	1153	4546.613092	4781.942451
0	1154	4571.490298	4772.35334
0	1155	4587.991917	4751.47735
0	1156	4628.191886	4660.672258
0	1157	4698.421805	4581.05932
0	1158	4734.160656	4621.507006
0	1159	4767.25421	4628.123201
0	1160	4792.314424	4610.161834
0	1161	4830.665298	4610.861344
0	1162	4881.166003	4574.916751
0	1163	4906.732461	4556.714928
0	1164	5474.568303	4624.006296
0	1165	5588.660728	4601.629274
0	1166	5620.485109	4572.665204
0	1167	5662.134881	4513.214174
0	1168	4930.813463	4506.459534
0	1169	4935.003634	4497.730237
0	1170	5036.040695	4504.207988
0	1171	5173.215898	4537.536706
0	1172	5319.059025	4545.15116
0	1173	5324.917658	4548.291666
0	1174	8730.019446	5352.399828
0	1175	8756.132551	5311.711685
0	1176	8765.235417	5214.20296
0	1177	8780.068573	5157.302225
0	1178	8778.635407	5005.341047
0	1179	8787.593292	4914.506809
0	1180	8793.865476	4738.274106
0	1181	8779.68592	4577.474333
0	1182	8778.416748	4563.214538
0	1183	8797.330745	4481.721668
0	1184	8791.491126	4369.370223
0	1185	401.0846433	4962.670961
0	1186	376.259725	4852.265027
0	1187	344.5827013	4789.003126
0	1188	325.6496903	4714.898826
0	1189	293.9536529	4728.575696
0	1190	276.51085	4711.649021
0	1191	260.2278901	4624.676659
0	1192	261.0977724	4564.635417
0	1193	290.8544002	4448.531394
0	1194	303.0565191	4374.040907
0	1195	299.612641	4330.897194
0	1196	298.1438234	4312.833815
0	1197	291.0160177	4302.435897
0	1198	7759.23323	4108.030516
0	1199	7872.600753	4596.127923
0	1200	7873.979255	4701.389547
0	1201	7888.541464	4799.816379
0	1202	7865.240028	4943.383441
0	1203	7855.283917	5004.670684
0	1204	7839.526214	5168.086331
0	1205	7801.900241	5202.223858
0	1206	7771.563692	5267.17624
0	1207	7743.368574	5300.701696
0	1208	7732.54258	5366.215143
0	1209	7749.405462	5491.631388
0	1210	7794.430187	5585.190799
0	1211	7803.642382	5662.799933
0	1212	7804.276969	5668.082688
0	1213	7875.248427	5804.589075
0	1214	5677.802269	4565.611816
0	1215	5733.997613	4656.861388
0	1216	5765.874282	4738.055509
0	1217	5774.577858	4821.078556
0	1218	5792.403314	4915.366623
0	1219	5833.511192	5032.862379
0	1220	5850.319408	5055.181107
0	1221	5911.736423	5058.540211
0	1222	5936.361696	5073.550521
0	1223	5968.03872	5092.874474
0	1224	6065.577238	5127.696937
0	1225	6081.879212	5111.520778
0	1226	6114.644777	5047.450069
0	1227	6153.920198	5067.713988
0	1228	6230.296335	5081.172262
0	1229	6263.770165	5130.647994
0	1230	6311.42355	5148.492775
0	1231	6321.579307	5223.376737
0	1232	6347.326396	5265.150577
0	1233	6377.482314	5275.737946
0	1234	6393.838952	5257.842159
0	1235	6417.266355	5187.432144
0	1236	6451.62908	5143.457763
0	1237	6477.395183	5125.117496
0	1238	6510.14411	5147.683967
0	1239	6572.103019	5158.970846
0	1240	6597.236912	5137.147604
0	1241	6640.010876	5057.709543
0	1242	6680.519819	4982.46854
0	1243	6719.452991	4957.366346
0	1244	6780.161741	4988.35608
0	1245	6812.112088	4984.020577
0	1246	6858.097011	4904.633523
0	1247	6926.078547	4904.750107
0	1248	6965.228002	4837.815781
0	1249	6988.220463	4773.380745
0	1250	6989.199675	4770.662858
0	1251	7019.298552	4750.981864
0	1252	7051.087282	4751.564788
0	1253	7081.678141	4678.51704
0	1254	7089.673452	4549.319071
0	1255	7143.710728	4302.188154
0	1256	7163.275948	4267.85389
0	1257	7234.901007	4229.774335
0	1258	7245.382375	4209.90389
0	1259	7259.761576	4182.688594
0	1260	7282.245418	4178.71742
0	1261	7303.588431	4224.659171
0	1262	7376.447011	4228.331597
0	1263	7398.769235	4199.258228
0	1264	7429.830687	4197.924788
0	1265	7440.328692	4212.512478
0	1266	7544.267737	4213.044397
0	1267	7579.065404	4173.711554
0	1268	7620.3349	4183.555695
0	1269	7647.263222	4189.946007
0	1270	7676.820205	4159.983678
0	1271	7729.440951	4162.679705
0	1272	7757.022873	4122.457902
0	1273	7764.566606	4073.259059
0	1274	1202.362657	4036.957425
0	1275	1262.165874	4092.881761
0	1276	1293.880925	4217.685935
0	1277	1305.883399	4286.871808
0	1278	1289.146484	4370.616224
0	1279	1293.5363	4429.994389
0	1280	1312.792545	4478.828904
0	1281	1400.845545	4567.469888
0	1282	1414.228897	4598.437762
0	1283	1423.731053	4658.420711
0	1284	1428.444104	4688.077004
0	1285	827.6620655	5229.708756
0	1286	850.9635015	5167.364962
0	1287	850.0033037	5095.264466
0	1288	855.1512953	5014.288941
0	1289	850.38358	4946.443795
0	1290	819.3767935	4863.413461
0	1291	839.0323297	4781.971597
0	1292	855.4792837	4748.395135
0	1293	925.1625563	4725.216593
0	1294	1003.22617	4670.15207
0	1295	1004.858982	4664.730871
0	1296	1050.953234	4512.157623
0	1297	1054.870081	4343.99114
0	1298	1064.823816	4289.065062
0	1299	1081.052111	4240.339845
0	1300	1104.534178	4111.090871
0	1301	1147.039572	4115.951005
0	1302	1183.322694	4072.756286
0	1303	7760.956357	4019.302093
0	1304	9816.041294	4532.559987
0	1305	9820.811386	4462.929634
0	1306	9815.986629	4364.087468
0	1307	9821.481623	4294.544554
0	1308	9860.122459	4184.5831
0	1309	9874.121383	3994.039595
0	1310	9882.753657	3953.096423
0	1311	9906.561336	3908.509972
0	1312	9936.443931	3889.499341
0	1313	9950.678152	3887.750567
0	1314	9979.220272	3884.274878
0	1315	9992.075991	3882.715555
0	1316	10000	3878.489351
0	1317	272.7936482	4275.890964
0	1318	257.8868136	4229.359001
0	1319	252.5748277	4178.105349
0	1320	260.6081665	4024.140368
0	1321	257.2712412	3921.40718
0	1322	232.9192916	3857.897536
0	1323	213.0260827	3827.14826
0	1324	8888.974979	4370.9004
0	1325	8923.879599	4356.05768
0	1326	9175.094938	4395.886009
0	1327	9184.107489	4378.850035
0	1328	9196.038661	4356.217985
0	1329	9224.252793	4193.807883
0	1330	9242.458525	4025.422803
0	1331	9252.395622	3994.702672
0	1332	9313.577341	3880.493154
0	1333	9331.129473	3827.1264
0	1334	9348.500974	3822.091388
0	1335	9367.395958	3855.587697
0	1336	9401.031405	3982.840155
0	1337	9420.779633	4057.469087
0	1338	9436.299664	4077.288526
0	1339	9450.771557	4073.645247
0	1340	9485.241235	4001.82164
0	1341	9496.701815	4006.244581
0	1342	9521.434041	4076.924198
0	1343	9538.08064	4073.477656
0	1344	9560.077253	4052.186332
0	1345	9588.037075	4104.802571
0	1346	9614.112152	4098.885885
0	1347	9655.384024	4047.632233
0	1348	9686.626107	4035.48554
0	1349	9709.492602	4047.57394
0	1350	9724.342395	4090.994542
0	1351	9726.010858	4095.774525
0	1352	9737.561753	4178.549829
0	1353	9743.56299	4377.596747
0	1354	9756.656382	4457.151393
0	1355	9782.931104	4526.249827
0	1356	2105.295682	4522.409811
0	1357	2128.939366	4486.559943
0	1358	2214.855687	4406.757554
0	1359	2299.355479	4281.508901
0	1360	2337.796669	4169.682087
0	1361	2358.431417	4071.3937
0	1362	2360.080866	4021.55364
0	1363	2356.418329	3986.447001
0	1364	2352.974451	3953.402458
0	1365	2372.356663	3869.956791
0	1366	2369.22176	3812.56057
0	1367	2389.221921	3754.268102
0	1368	2410.6909	3738.040936
0	1369	2472.958783	3734.033329
0	1370	2499.632796	3713.689257
0	1371	2551.946944	3726.251284
0	1372	2567.196027	3767.391193
0	1373	2590.371497	3788.179745
0	1374	2603.353182	3788.76267
0	1375	2632.439573	3716.997355
0	1376	2639.149075	3689.199134
0	1377	2648.306605	3651.258024
0	1378	2649.102809	3604.587617
0	1379	2639.510337	3544.407931
0	1380	2650.535976	3494.546011
0	1381	2672.893851	3428.252902
0	1382	2711.064094	3364.735972
0	1383	2738.681667	3336.107083
0	1384	3428.750226	4940.410525
0	1385	3438.832304	4871.895015
0	1386	3485.126202	4802.679996
0	1387	3495.987846	4802.789295
0	1388	3494.863654	4862.750384
0	1389	3507.645695	4869.862065
0	1390	3527.973845	4798.009312
0	1391	3574.557703	4718.767989
0	1392	3602.227564	4571.251612
0	1393	3636.409658	4541.733764
0	1394	3655.050332	4499.646602
0	1395	3659.128796	4484.359402
0	1396	3684.424307	4389.131369
0	1397	3691.333453	4305.051771
0	1398	3680.726119	4154.642631
0	1399	3637.985429	3778.452189
0	1400	3626.108922	3741.429186
0	1401	3593.958929	3731.140565
0	1402	3575.154261	3694.984662
0	1403	3572.109674	3689.140842
0	1404	3556.351971	3638.113073
0	1405	3552.399473	3507.16633
0	1406	3542.987632	3390.333652
0	1407	3558.365059	3265.864659
0	1408	3555.826714	3183.592128
0	1409	6740.342049	3085.777366
0	1410	6805.076975	3160.522883
0	1411	6851.715498	3199.768287
0	1412	6859.984133	3215.806003
0	1413	6868.578379	3280.321191
0	1414	6912.369583	3349.201029
0	1415	6927.328706	3387.75421
0	1416	6957.61059	3356.480301
0	1417	6980.077795	3319.209554
0	1418	7016.579575	3173.500244
0	1419	7040.5869	3159.102005
0	1420	7088.14997	3130.553268
0	1421	7108.532784	3089.668389
0	1422	7118.324901	3102.536451
0	1423	7162.313373	3291.469626
0	1424	7320.905267	3629.857402
0	1425	7360.454012	3714.104591
0	1426	7381.507064	3739.986447
0	1427	7416.031407	3744.06692
0	1428	7456.03173	3728.77972
0	1429	7527.965764	3737.202982
0	1430	7679.667524	3920.991846
0	1431	8784.182689	4186.776354
0	1432	8795.443623	3974.387747
0	1433	8793.813188	3795.714046
0	1434	8781.843989	3704.406182
0	1435	8791.709784	3640.364619
0	1436	8810.440774	3565.53895
0	1437	8835.807586	3496.688259
0	1438	8845.383421	3470.667959
0	1439	8861.37642	3387.222291
0	1440	8868.13821	3257.77658
0	1441	8863.841086	3180.619212
0	1442	8865.148286	3074.410335
0	1443	1237.39562	3066.431554
0	1444	1242.707606	3181.143844
0	1445	1235.256565	3248.274907
0	1446	1209.816075	3353.755128
0	1447	1229.925566	3417.79669
0	1448	1235.907789	3472.475025
0	1449	1239.373057	3678.830362
0	1450	1247.404019	3737.202982
0	1451	1242.510338	3793.127318
0	1452	1209.471449	3922.769767
0	1453	1206.334169	3935.025758
0	1454	1196.306756	4013.385408
0	1455	452.2912366	4969.593191
0	1456	477.3871019	4686.882009
0	1457	535.5955342	4564.69371
0	1458	545.748914	4409.475441
0	1459	588.9055313	4280.89683
0	1460	595.1800918	4248.486217
0	1461	610.4291752	4169.76224
0	1462	644.1929656	4097.85848
0	1463	674.1492385	4011.796938
0	1464	689.6882827	3904.480505
0	1465	711.3949346	3865.286107
0	1466	752.1391736	3838.245688
0	1467	761.8029474	3753.160545
0	1468	774.7323448	3735.643658
0	1469	809.8912742	3742.565889
0	1470	834.1362711	3712.217373
0	1471	862.4407185	3737.31228
0	1472	865.6516773	3740.146751
0	1473	896.0428914	3739.396236
0	1474	913.5593728	3774.619459
0	1475	933.8851461	3870.568862
0	1476	931.0378266	4008.824022
0	1477	958.9643743	4096.219005
0	1478	988.9919491	4125.48911
0	1479	1005.70985	4123.73305
0	1480	1041.81234	4065.498874
0	1481	1095.324359	4025.699692
0	1482	1131.788112	4019.75386
0	1483	1146.984907	4017.27643
0	1484	1171.082547	3970.081391
0	1485	1191.120736	3875.239546
0	1486	1203.92179	3760.636554
0	1487	1198.084548	3680.943464
0	1488	1185.354795	3613.258622
0	1489	1187.909778	3521.783167
0	1490	1166.985069	3420.747747
0	1491	1166.079536	3345.339153
0	1492	1188.653693	3219.252545
0	1493	1192.190264	3208.10411
0	1494	7811.711372	3993.507676
0	1495	7849.807937	4034.538287
0	1496	7968.290178	3959.435729
0	1497	7990.175084	3911.818069
0	1498	8020.00539	3796.690445
0	1499	8048.889759	3724.808546
0	1500	8055.41863	3688.812947
0	1501	8058.356265	3630.469473
0	1502	8061.564847	3566.034436
0	1503	8087.677952	3522.1985
0	1504	8104.759492	3462.353996
0	1505	8135.892245	3420.747747
0	1506	8202.514292	3367.963917
0	1507	8222.659434	3300.082338
0	1508	8238.181842	3280.095308
0	1509	8257.003146	3275.45377
0	1510	8282.823913	3316.622826
0	1511	8376.226926	3347.33567
0	1512	8380.868675	3348.865847
0	1513	8397.061319	3332.245207
0	1514	8452.168122	3241.352677
0	1515	8495.705016	3224.28027
0	1516	8542.852159	3245.935922
0	1517	8619.717901	3180.560919
0	1518	8643.615896	3136.338796
0	1519	8662.185268	3069.878096
0	1520	8680.880606	3033.467163
0	1521	8705.413187	3030.989733
0	1522	8721.805476	3045.052791
0	1523	8742.948844	3063.203608
0	1524	8843.280017	3086.804771
0	1525	6829.954181	3020.125475
0	1526	6834.305969	2988.960864
0	1527	6832.311895	2920.30691
0	1528	6861.650219	2835.527802
0	1529	175.5450906	3769.227406
0	1530	159.3358092	3663.849197
0	1531	125.4270385	3605.061244
0	1532	113.3128586	3544.021743
0	1533	103.176116	3393.036965
0	1534	108.5451433	3347.284664
0	1535	137.9191181	3239.54561
0	1536	148.5454666	3112.905224
0	1537	172.9901085	3058.758808
0	1538	193.4965131	3013.370835
0	1539	211.5762789	2955.165806
0	1540	244.7767849	2803.037038
0	1541	255.8570883	2663.084109
0	1542	251.6146298	2451.446018
0	1543	242.202789	2320.38269
0	1544	1347.264601	2228.739644
0	1545	1334.261525	2350.93523
0	1546	1341.805258	2504.535883
0	1547	1318.251888	2700.660891
0	1548	1323.780157	2788.667944
0	1549	1311.813334	2841.561072
0	1550	1279.119071	2888.814404
0	1551	1239.064083	3059.400025
0	1552	6171.436679	2201.167307
0	1553	6200.468405	2292.839499
0	1554	6260.361938	2400.935594
0	1555	6282.59147	2492.330897
0	1556	6320.127126	2545.697652
0	1557	6380.293982	2556.926238
0	1558	6411.172425	2647.767763
0	1559	6428.943217	2658.413425
0	1560	6471.519912	2622.250235
0	1561	6478.355381	2623.110049
0	1562	6510.289091	2627.256101
0	1563	6557.16291	2683.369888
0	1564	6612.177021	2820.62679
0	1565	6625.106418	2882.3658
0	1566	6672.579172	3036.964711
0	1567	5699.634887	4448.422096
0	1568	5737.895446	4253.346352
0	1569	5761.142217	4164.734514
0	1570	5787.652235	4145.002514
0	1571	5822.575869	4134.772186
0	1572	5852.35151	4100.467068
0	1573	5916.342521	3997.318546
0	1574	5949.27208	3955.260531
0	1575	5995.420997	3896.195688
0	1576	6050.254476	3840.162053
0	1577	6077.634377	3783.734944
0	1578	6110.057693	3641.166141
0	1579	6109.984014	3470.886556
0	1580	6095.840109	3233.818375
0	1581	6093.736705	3198.296403
0	1582	6099.611975	3107.265427
0	1583	6154.590435	2837.531605
0	1584	6148.099592	2779.909501
0	1585	6117.164108	2750.748694
0	1586	6121.154633	2589.365997
0	1587	6130.29315	2482.100569
0	1588	6141.680052	2404.411283
0	1589	228.8384505	2234.357581
0	1590	234.5687404	2165.339299
0	1591	7761.0847	3830.900837
0	1592	7781.919093	3766.53138
0	1593	7826.924805	3412.936556
0	1594	7858.839501	3299.747156
0	1595	7897.35437	3187.206261
0	1596	7903.355606	3169.638368
0	1597	7981.799496	2896.48715
0	1598	7998.408068	2789.8848
0	1599	8051.865422	2710.752774
0	1600	8090.251947	2593.227873
0	1601	8140.823954	2487.937102
0	1602	8147.333811	2474.405963
0	1603	8153.102128	2438.322926
0	1604	8142.891707	2375.476359
0	1605	8152.593509	2323.166155
0	1606	8222.369474	2107.272714
0	1607	8223.909593	1995.671784
0	1608	257.9248412	2113.16754
0	1609	279.3938204	2040.615277
0	1610	296.1473723	1955.253244
0	1611	567.1085637	1837.874074
0	1612	600.7107366	1844.599567
0	1613	637.5381287	1880.376569
0	1614	662.4533627	1927.156275
0	1615	680.1148245	1975.823199
0	1616	712.2101521	2100.962554
0	1617	728.6571062	2045.679435
0	1618	737.5246764	2059.159568
0	1619	742.1830622	2187.184401
0	1620	750.1070716	2207.142285
0	1621	774.4233703	2211.951413
0	1622	825.4136813	2108.409417
0	1623	838.2337492	2082.42555
0	1624	878.997002	2090.426191
0	1625	898.4362559	2050.794599
0	1626	900.6656263	2009.406947
0	1627	923.8577329	1985.528895
0	1628	912.0358905	1914.645254
0	1629	922.662239	1900.028418
0	1630	966.1254541	1911.898221
0	1631	971.2401716	1929.604558
0	1632	953.8853077	1971.349252
0	1633	967.1783444	2002.397278
0	1634	966.144468	2030.610832
0	1635	952.7254647	2043.034414
0	1636	950.5127314	2064.325738
0	1637	979.8344182	2070.08212
0	1638	996.8803075	2056.682138
0	1639	1008.882781	1983.772834
0	1640	1009.137091	1964.405162
0	1641	1009.681362	1922.070257
0	1642	1033.926359	1888.355351
0	1643	1053.508216	1923.928329
0	1644	1070.86308	1922.288854
0	1645	1077.044948	1950.225519
0	1646	1103.847304	1925.349208
0	1647	1127.92593	1956.754275
0	1648	1145.40676	1951.784843
0	1649	1163.557828	1967.01375
0	1650	1185.535427	1956.200497
0	1651	1207.132749	2037.28532
0	1652	1268.801697	2166.169966
0	1653	1278.394169	2219.850043
0	1654	1296.780533	2250.147553
0	1655	1301.460309	2252.369953
0	1656	1314.496659	2258.541668
0	1657	346.2487873	2044.178404
0	1658	365.5430608	2048.098573
0	1659	394.3561279	2028.832912
0	1660	472.6193866	1900.800793
0	1661	6044.124896	1818.892589
0	1662	312.2877285	1836.56978
0	1663	314.716744	1783.006288
0	1664	6012.718819	1768.96509
0	1665	5941.20309	1744.117926
0	1666	5986.318131	1743.287258
0	1667	5999.444796	1763.434592
0	1668	1615.93938	1686.77271
0	1669	1630.93653	1755.127916
0	1670	1654.77986	1814.775683
0	1671	1683.376645	1820.13859
0	1672	1728.237376	1791.735585
0	1673	1739.678942	1793.870547
0	1674	1757.523412	1860.724721
0	1675	1799.101882	1928.62816
0	1676	1829.00349	1959.260852
0	1677	1870.417967	2052.179045
0	1678	1910.582284	2170.177573
0	1679	1920.809342	2200.198194
0	1680	1944.165443	2232.914842
0	1681	1368.025315	2150.052099
0	1682	1380.919061	2030.472388
0	1683	1415.353089	1849.80217
0	1684	1478.039276	1826.587195
0	1685	1506.289059	1863.697637
0	1686	1534.106277	1828.838741
0	1687	1605.296395	1705.287855
0	1688	6902.014181	2832.219704
0	1689	6909.721909	2718.032046
0	1690	6932.96868	2645.822252
0	1691	6941.617591	2551.789214
0	1692	6971.645166	2467.068399
0	1693	6987.148559	2355.518475
0	1694	7007.386394	2319.632175
0	1695	7022.091206	2211.310196
0	1696	7045.157346	2145.745743
0	1697	7051.702854	2112.774066
0	1698	7059.736193	2072.442964
0	1699	7156.076841	1880.682605
0	1700	7189.750315	1853.081121
0	1701	7207.392763	1771.777702
0	1702	7236.769115	1678.575332
0	1703	7238.65386	1657.116417
0	1704	316.5111732	1743.753598
0	1705	311.3988325	1655.309351
0	1706	8836.152211	2930.952572
0	1707	8829.388045	2680.069077
0	1708	8775.968718	2188.743724
0	1709	8774.918205	2179.096321
0	1710	8787.664594	2075.335728
0	1711	8819.180001	1928.431423
0	1712	8888.556675	1653.196249
0	1713	8326.253854	1834.98131
0	1714	8378.368358	1777.198901
0	1715	8395.575864	1742.340005
0	1716	8424.769208	1718.797135
0	1717	8528.544259	1441.252122
0	1718	8556.178469	1422.489234
0	1719	8594.783654	1354.833539
0	1720	8650.016423	1317.22761
0	1721	8674.351736	1319.756046
0	1722	8696.003723	1350.359592
0	1723	8728.733637	1438.803839
0	1724	8795.588604	1507.406787
0	1725	8867.886276	1620.785637
0	1726	4602.226138	4606.63514
0	1727	4620.957127	4532.640139
0	1728	4625.563225	4446.505731
0	1729	4608.391369	4363.72314
0	1730	4568.246065	4250.737764
0	1731	4539.394971	4070.978366
0	1732	4519.159513	4009.829567
0	1733	4511.4708	3986.563586
0	1734	4497.091599	3832.350862
0	1735	4467.099675	3770.97618
0	1736	4414.295921	3447.20524
0	1737	4380.822091	3381.917676
0	1738	4347.928183	3208.439292
0	1739	4342.651848	3180.590066
0	1740	4302.033576	3089.11461
0	1741	4211.187922	2644.015185
0	1742	4186.546011	2501.533821
0	1743	4178.602988	2403.413024
0	1744	4178.657653	2394.268393
0	1745	4178.857298	2319.93821
0	1746	4186.020755	2247.589971
0	1747	4271.407065	2057.214057
0	1748	4311.825693	2003.402823
0	1749	4327.711739	1950.757438
0	1750	4334.782503	1854.997486
0	1751	4343.614423	1797.900014
0	1752	4366.079251	1716.239553
0	1753	4386.478702	1671.179475
0	1754	4427.479628	1580.454536
0	1755	4450.707385	1470.493081
0	1756	4470.362922	1334.933947
0	1757	4477.162739	1247.487959
0	1758	8895.701118	3057.06104
0	1759	8957.172797	2963.166447
0	1760	8987.689978	2947.879247
0	1761	9011.281375	2956.91458
0	1762	9064.864695	3095.672513
0	1763	9144.703724	3138.53205
0	1764	9169.055674	3105.902841
0	1765	9210.888454	3069.768797
0	1766	9243.656396	3041.438658
0	1767	9277.546152	3038.050408
0	1768	9339.198463	3134.028957
0	1769	9391.184623	3163.991285
0	1770	9492.150382	2948.38202
0	1771	9540.184044	2876.164939
0	1772	9544.155556	2876.529266
0	1773	9557.429579	2877.753408
0	1774	9602.596907	2928.642733
0	1775	9754.244003	2854.152245
0	1776	9763.89114	2836.693651
0	1777	9759.539352	2754.58871
0	1778	9770.854952	2680.564563
0	1779	9756.528038	2634.229337
0	1780	9726.826075	2604.849933
0	1781	9716.546729	2575.550682
0	1782	9715.239529	2525.462879
0	1783	9730.037034	2415.027798
0	1784	9728.477901	2338.176466
0	1785	9715.947794	2271.992655
0	1786	9663.904592	2163.838268
0	1787	9651.847454	2112.693914
0	1788	9646.932382	2022.187571
0	1789	9653.13564	1869.337433
0	1790	9642.074351	1844.993041
0	1791	9631.338673	1842.318874
0	1792	9577.249109	1844.628713
0	1793	9409.354704	1851.521798
0	1794	9404.677305	1832.729763
0	1795	9400.287489	1632.21096
0	1796	9329.206701	1635.40976
0	1797	9314.46386	1617.309948
0	1798	9314.46386	1517.94315
0	1799	9314.46386	1213.773053
0	1800	9139.627034	1210.071481
0	1801	8906.508098	1675.463972
0	1802	8915.321003	1703.036309
0	1803	8925.331779	1705.703189
0	1804	8944.897	1734.361224
0	1805	9130.105864	1732.780041
0	1806	9135.546193	1708.319064
0	1807	9137.994223	1409.09654
0	1808	8922.429795	1592.018304
0	1809	8958.767581	1567.309584
0	1810	9071.500518	1366.790781
0	1811	331.669941	1551.155284
0	1812	337.8898368	1405.227377
0	1813	324.3995317	1323.872952
0	1814	309.205113	1307.390756
0	1815	298.8330743	1276.838217
0	1816	236.1635246	1165.375731
0	1817	203.7425852	1150.64231
0	1818	9154.695487	1169.849678
0	1819	9184.922706	1044.433434
0	1820	4462.709859	1200.176335
0	1821	4466.374773	1147.312353
0	1822	4482.912043	1044.659317
0	1823	4489.638181	1035.682277
0	1824	4492.086211	999.3223501
0	1825	4482.783699	977.1129198
0	1826	182.4352235	1140.973047
0	1827	125.1370778	1078.986294
0	1828	96.23131833	1026.202464
0	1829	70.86450609	941.314058
0	1830	8224.292246	1977.382522
0	1831	8211.182218	1915.898542
0	1832	8189.584895	1669.98448
0	1833	8197.145265	1580.731425
0	1834	8218.307646	1456.291579
0	1835	8274.700259	1185.530352
0	1836	8277.856553	1133.38774
0	1837	8270.438787	1039.959487
0	1838	8271.128038	970.0012387
0	1839	8283.85779	907.9853394
0	1840	8302.462813	766.589672
0	1841	2727.58235	760.417957
0	1842	2747.021604	806.0609593
0	1843	2756.324115	874.4890301
0	1844	2758.826809	953.460751
0	1845	2749.089357	1098.805733
0	1846	2725.172348	1239.953657
0	1847	2730.755281	1377.961075
0	1848	2762.325352	1490.392673
0	1849	2766.860148	1618.177049
0	1850	2772.027154	1635.795947
0	1851	1687.074833	1588.462463
0	1852	1698.899052	1558.915469
0	1853	1701.79866	1515.997639
0	1854	1699.350631	1400.199652
0	1855	1720.493998	1287.148697
0	1856	1782.780895	1126.6331
0	1857	1846.845584	1081.682321
0	1858	1859.066716	1083.963013
0	1859	1863.962775	1084.88112
0	1860	1891.65165	1136.805136
0	1861	1906.304175	1149.534753
0	1862	1955.443015	1141.862007
0	1863	1987.57637	1167.853161
0	1864	2015.771488	1162.98574
0	1865	2061.430799	1066.059939
0	1866	2086.655008	1042.269326
0	1867	2125.71177	1056.084641
0	1868	2147.853364	973.1927513
0	1869	2184.554789	928.0816677
0	1870	2191.825198	900.3125934
0	1871	2212.533625	821.1805682
0	1872	2266.532873	752.4100292
0	1873	2285.501535	742.4638769
0	1874	2344.760481	773.1767209
0	1875	2366.935348	775.4792734
0	1876	2388.893933	740.9847055
0	1877	2416.891782	762.727796
0	1878	2496.279233	880.4712946
0	1879	2526.016847	941.1173209
0	1880	2531.274168	951.8504215
0	1881	2564.023096	982.7017102
0	1882	2590.478449	985.7037723
0	1883	2672.984167	943.4271599
0	1884	2698.170348	897.7331517
0	1885	2711.028443	854.8663281
0	1886	4479.339821	968.973834
0	1887	4491.197314	728.6777082
0	1888	2739.168896	694.4017371
0	1889	2754.510672	663.6597469
0	1890	2813.44163	705.6886162
0	1891	2899.574233	749.0509258
0	1892	2929.530506	799.3281793
0	1893	2954.807003	726.8414955
0	1894	2988.989097	715.5546164
0	1895	3011.527604	679.8067605
0	1896	3031.292469	627.4965571
0	1897	6236.915521	1922.150409
0	1898	6286.907607	1758.574458
0	1899	6335.523567	1649.837145
0	1900	6391.390923	1450.229162
0	1901	6399.279281	1331.093931
0	1902	6400.67442	1184.415509
0	1903	6438.445373	897.3396775
0	1904	6483.869388	798.1331837
0	1905	6533.172223	712.7784376
0	1906	6557.778482	686.4229556
0	1907	6600.409843	688.0915775
0	1908	6616.058217	663.4120039
0	1909	6626.594249	581.3289225
0	1910	6632.75948	441.9589184
0	1911	6624.961438	347.532407
0	1912	6603.853721	277.4357143
0	1913	3194.835086	255.5031733
0	1914	3194.690106	328.5217759
0	1915	3204.769807	373.6620057
0	1916	3226.367129	415.7491675
0	1917	3239.296527	461.3630236
0	1918	3271.898097	473.5315763
0	1919	3301.003502	460.0514431
0	1920	3332.625861	480.4246606
0	1921	3341.638411	537.0485066
0	1922	3315.382703	736.4306065
0	1923	3316.088591	783.3196103
0	1924	3322.598448	804.4433434
0	1925	3343.39719	827.9862138
0	1926	3359.718177	834.0486305
0	1927	3361.747902	848.4760163
0	1928	3396.200944	1094.054897
0	1929	3396.69055	1217.744227
0	1930	3713.565362	253.9219901
0	1931	3722.575536	316.1783458
0	1932	3717.589162	433.9509906
0	1933	3719.911224	476.0672987
0	1934	2999.342122	181.5664643
0	1935	3016.423662	184.4810877
0	1936	3044.293168	551.7819279
0	1937	3045.091749	503.4720451
0	1938	3034.845677	396.4543606
0	1939	3013.595356	342.7014187
0	1940	2993.050924	312.4257682
0	1941	3011.273294	92.53200621
0	1942	3046.106611	129.4457115
0	1943	3086.979194	106.3764673
0	1944	3107.487975	114.9090273
0	1945	3122.520776	205.9982949
0	1946	3158.150298	258.8404171
0	1947	3174.361956	244.8866576
0	1948	3003.477628	118.8000495
0	1949	7195.28096	76.04981091
0	1950	7197.674325	127.2816036
0	1951	7179.577922	200.1326154
0	1952	7141.878271	444.1011666
0	1953	7116.18347	502.6923834
0	1954	7099.936161	525.7106216
0	1955	7062.837822	519.4806141
0	1956	7029.019367	588.6956332
0	1957	7013.206999	653.4877112
0	1958	7017.558787	779.8730682
0	1959	7020.532073	866.2625056
0	1960	7019.098907	929.5025467
0	1961	7008.491572	1016.613353
0	1962	6958.589802	1254.016715
0	1963	6946.278354	1446.032105
0	1964	6935.416709	1481.393773
0	1965	6918.644144	1492.644219
0	1966	6910.991081	1513.381765
0	1967	6895.996308	1613.229476
0	1968	6874.978907	1704.122006
0	1969	6873.636056	1792.398662
0	1970	6858.821913	1905.668214
0	1971	6832.475889	1987.474406
0	1972	6826.545954	2088.509826
0	1973	6830.643432	2220.848301
0	1974	6821.595231	2361.551745
0	1975	6830.517466	2472.817494
0	1976	6833.509766	2485.102631
0	1977	6844.297732	2529.63079
0	1978	6857.626419	2668.14098
0	1979	6648.117893	247.0507655
0	1980	6660.10373	255.2554303
0	1981	6665.489394	269.289342
0	1982	6668.008725	404.7683239
0	1983	6673.613049	440.5380395
0	1984	6681.971999	451.6063218
0	1985	6742.989724	260.8369341
0	1986	6788.829666	168.2247758
0	1987	6831.931619	130.312812
0	1988	6864.407223	113.4079963
0	1989	6891.335545	99.40323086
0	1990	7074.260374	47.08574093
0	1991	7098.087067	101.7349296
0	1992	7147.299586	107.7682
0	1993	3271.318176	284.68584
0	1994	3305.699915	262.0902222
0	1995	3337.902196	194.0191928
0	1996	3389.726738	209.3865446
0	1997	3409.800578	162.6359854
0	1998	3441.460965	157.8851493
0	1999	3459.103413	120.7455607
0	2000	3476.367961	0.02914623392
