0	0	-121.904167	41.974556
0	1	-121.902153	41.974766
0	2	-121.89679	41.988075
0	3	-121.889603	41.998032
0	4	-121.886681	42.008739
0	5	-121.915062	41.970314
0	6	-121.910088	41.973942
0	7	-121.916199	41.969482
0	8	-121.903198	41.968456
0	9	-122.553284	41.895241
0	10	-122.542992	41.903084
0	11	-122.546921	41.915726
0	12	-122.520287	41.907001
0	13	-122.503967	41.906689
0	14	-122.472076	41.911068
0	15	-122.463829	41.914925
0	16	-122.454803	41.92387
0	17	-122.440536	41.946377
0	18	-122.440498	41.956013
0	19	-122.444801	41.969555
0	20	-122.442436	41.97747
0	21	-122.43322	41.98436
0	22	-122.42466	41.98502
0	23	-122.412811	41.983322
0	24	-122.402168	41.988213
0	25	-122.390503	41.988567
0	26	-122.38401	41.991646
0	27	-122.376556	41.984219
0	28	-122.372299	41.984661
0	29	-122.352539	42.00124
0	30	-122.345123	42.010807
0	31	-122.340134	42.017231
0	32	-122.604172	42.012905
0	33	-122.606087	42.009228
0	34	-122.595833	41.973843
0	35	-122.592934	41.963806
0	36	-122.560463	41.912502
0	37	-122.552147	41.892521
0	38	-122.554909	41.879074
0	39	-122.568123	41.852474
0	40	-121.170708	42.001575
0	41	-121.155724	41.992962
0	42	-121.134956	41.973145
0	43	-121.11747	41.9603
0	44	-121.093819	41.951584
0	45	-121.092003	41.950382
0	46	-121.074501	41.938805
0	47	-121.061203	41.923958
0	48	-121.054169	41.920101
0	49	-121.035004	41.918304
0	50	-121.025291	41.920048
0	51	-120.997559	41.918797
0	52	-120.991028	41.913082
0	53	-120.976509	41.893463
0	54	-120.9636	41.887257
0	55	-120.961922	41.886448
0	56	-120.956833	41.879074
0	57	-120.954468	41.866791
0	58	-120.941002	41.848732
0	59	-124.013367	41.851032
0	60	-123.996857	41.851871
0	61	-123.965439	41.84885
0	62	-123.938553	41.842316
0	63	-123.926064	41.843346
0	64	-123.91436	41.84869
0	65	-123.903633	41.859707
0	66	-123.882622	41.86702
0	67	-123.861351	41.869293
0	68	-123.85907	41.870441
0	69	-123.854073	41.872967
0	70	-123.842049	41.883606
0	71	-123.828903	41.886963
0	72	-123.768227	41.913971
0	73	-123.765663	41.929516
0	74	-123.746162	41.954208
0	75	-123.745438	41.95512
0	76	-123.744003	41.977943
0	77	-123.727364	41.986324
0	78	-123.717239	41.994991
0	79	-123.714432	42.000217
0	80	-123.7164	42.004215
0	81	-122.58165	41.846039
0	82	-122.587051	41.841614
0	83	-122.809334	41.877716
0	84	-122.804764	41.878746
0	85	-122.78611	41.876537
0	86	-122.764664	41.867592
0	87	-122.746002	41.868587
0	88	-122.728844	41.872257
0	89	-122.718941	41.871635
0	90	-122.711617	41.875465
0	91	-122.705437	41.875103
0	92	-122.687073	41.859562
0	93	-122.671944	41.852329
0	94	-122.660439	41.847984
0	95	-122.641037	41.840649
0	96	-122.634933	41.840969
0	97	-122.624329	41.845882
0	98	-122.611794	41.846535
0	99	-120.758133	41.826836
0	100	-120.761414	41.832542
0	101	-120.749924	41.844856
0	102	-120.745438	41.856468
0	103	-120.74614	41.867668
0	104	-120.749947	41.879444
0	105	-120.74987	41.892735
0	106	-120.747299	41.905422
0	107	-120.757156	41.920654
0	108	-120.772293	41.936382
0	109	-120.774429	41.942982
0	110	-120.782631	41.968315
0	111	-120.799713	41.980766
0	112	-120.80349	41.996441
0	113	-120.806999	41.998379
0	114	-120.811546	41.997528
0	115	-120.818581	41.992008
0	116	-120.826927	41.992626
0	117	-120.831673	41.994747
0	118	-120.842659	41.993435
0	119	-120.879417	41.9818
0	120	-120.883034	41.980022
0	121	-120.892517	41.975365
0	122	-120.897812	41.976318
0	123	-120.914307	41.988773
0	124	-120.922256	41.997417
0	125	-120.922523	41.999634
0	126	-120.923027	41.841377
0	127	-120.911797	41.847977
0	128	-120.901993	41.848106
0	129	-120.889107	41.843536
0	130	-120.876534	41.843536
0	131	-120.865677	41.846451
0	132	-120.853409	41.846436
0	133	-120.840652	41.848499
0	134	-120.8256	41.848125
0	135	-120.803833	41.843636
0	136	-120.797142	41.839748
0	137	-120.78331	41.838078
0	138	-120.775192	41.837093
0	139	-120.771088	41.835178
0	140	-120.768753	41.827244
0	141	-122.823174	41.906887
0	142	-122.831688	41.918583
0	143	-122.833298	41.932034
0	144	-122.822281	41.94846
0	145	-122.8283	41.953411
0	146	-122.852386	41.957382
0	147	-122.867378	41.962761
0	148	-122.878662	41.971096
0	149	-122.878403	41.977764
0	150	-122.87355	41.984913
0	151	-122.874817	41.988514
0	152	-122.890266	41.985836
0	153	-122.902153	41.987709
0	154	-122.910606	41.982887
0	155	-122.918243	41.972836
0	156	-122.926308	41.954723
0	157	-122.93232	41.947052
0	158	-122.932083	41.941559
0	159	-122.926231	41.935226
0	160	-122.926529	41.931999
0	161	-122.92067	41.931862
0	162	-122.916817	41.933449
0	163	-122.910919	41.932854
0	164	-122.904121	41.926346
0	165	-122.904388	41.923668
0	166	-122.904739	41.920116
0	167	-122.909721	41.911354
0	168	-122.916946	41.906597
0	169	-122.92202	41.908157
0	170	-122.92588	41.912991
0	171	-122.931923	41.90876
0	172	-122.937721	41.911423
0	173	-122.943817	41.926456
0	174	-122.952744	41.932621
0	175	-122.967339	41.937092
0	176	-122.974312	41.936016
0	177	-122.984459	41.929718
0	178	-122.990883	41.935558
0	179	-122.996452	41.945114
0	180	-123.001518	41.943455
0	181	-123.007004	41.933506
0	182	-123.007507	41.932568
0	183	-123.030457	41.915916
0	184	-123.031761	41.910564
0	185	-123.030281	41.901928
0	186	-123.035263	41.899357
0	187	-123.045311	41.90453
0	188	-123.049553	41.900848
0	189	-123.02861	41.851543
0	190	-123.017464	41.844593
0	191	-123.010674	41.841942
0	192	-123.005638	41.839977
0	193	-122.991951	41.826645
0	194	-122.988251	41.825802
0	195	-122.961807	41.841034
0	196	-122.941643	41.848343
0	197	-122.908836	41.855423
0	198	-122.88781	41.857262
0	199	-122.865646	41.856865
0	200	-122.843086	41.852356
0	201	-122.835358	41.853676
0	202	-122.826477	41.868168
0	203	-122.816803	41.87603
0	204	-124.198723	42.005322
0	205	-124.193527	41.973801
0	206	-124.196564	41.963032
0	207	-124.195229	41.959675
0	208	-124.193336	41.958336
0	209	-124.180748	41.949379
0	210	-124.158928	41.942097
0	211	-124.142464	41.938362
0	212	-124.133904	41.933643
0	213	-124.129044	41.923855
0	214	-124.127319	41.906742
0	215	-124.130241	41.889782
0	216	-124.13765	41.874363
0	217	-124.138832	41.861244
0	218	-124.14254	41.820175
0	219	-124.150871	41.80315
0	220	-123.531036	42.011051
0	221	-123.530937	42.00502
0	222	-123.519829	41.99926
0	223	-123.519707	41.989628
0	224	-123.50618	41.978504
0	225	-123.4953	41.974796
0	226	-123.489502	41.967922
0	227	-123.486816	41.964745
0	228	-123.48494	41.944427
0	229	-123.487267	41.940384
0	230	-123.486343	41.937458
0	231	-123.475594	41.937645
0	232	-123.455261	41.923252
0	233	-123.443741	41.919117
0	234	-123.427353	41.898289
0	235	-123.400017	41.878563
0	236	-123.398773	41.875435
0	237	-123.396683	41.87027
0	238	-123.386581	41.864902
0	239	-123.378448	41.849087
0	240	-123.375847	41.836155
0	241	-123.376793	41.801445
0	242	-124.130623	41.812347
0	243	-124.12014	41.812119
0	244	-124.107498	41.819614
0	245	-124.085083	41.817184
0	246	-124.075661	41.812977
0	247	-124.06897	41.803082
0	248	-124.06044	41.801113
0	249	-124.056252	41.802074
0	250	-124.043533	41.816914
0	251	-124.033043	41.840046
0	252	-124.030327	41.846027
0	253	-124.019173	41.850655
0	254	-123.001801	41.82
0	255	-123.014038	41.797977
0	256	-123.027328	41.789665
0	257	-123.033409	41.789093
0	258	-122.039787	41.788746
0	259	-122.03595	41.791595
0	260	-122.006668	41.830334
0	261	-121.996674	41.850285
0	262	-121.97081	41.890228
0	263	-121.963158	41.900379
0	264	-121.946999	41.921818
0	265	-121.918793	41.967587
0	266	-123.052223	41.786892
0	267	-123.084938	41.806847
0	268	-123.09343	41.814854
0	269	-123.111557	41.814976
0	270	-123.120483	41.818138
0	271	-123.16217	41.841236
0	272	-123.173973	41.846066
0	273	-123.176933	41.847275
0	274	-123.188042	41.853752
0	275	-123.206093	41.855927
0	276	-123.22023	41.867737
0	277	-123.239319	41.873978
0	278	-123.246193	41.877941
0	279	-123.260979	41.875248
0	280	-123.269852	41.880699
0	281	-123.290482	41.883858
0	282	-123.298637	41.882465
0	283	-123.307953	41.871593
0	284	-123.308678	41.86673
0	285	-123.308098	41.865299
0	286	-123.301613	41.849239
0	287	-123.300758	41.84103
0	288	-123.309372	41.823544
0	289	-123.313759	41.818466
0	290	-123.323196	41.817684
0	291	-123.33194	41.807301
0	292	-123.335983	41.807751
0	293	-123.341873	41.817043
0	294	-123.349083	41.821213
0	295	-123.35778	41.819321
0	296	-123.370872	41.803631
0	297	-122.043159	41.785984
0	298	-121.897881	41.967625
0	299	-121.868973	41.95266
0	300	-121.833153	41.939377
0	301	-121.806	41.922943
0	302	-121.797577	41.921486
0	303	-121.775772	41.925438
0	304	-121.772537	41.923519
0	305	-121.776733	41.910576
0	306	-121.779694	41.901424
0	307	-121.777847	41.88615
0	308	-121.768806	41.872799
0	309	-121.754356	41.861061
0	310	-121.733963	41.816811
0	311	-121.732521	41.810226
0	312	-121.734383	41.802582
0	313	-121.740173	41.794785
0	314	-121.745461	41.787651
0	315	-121.750641	41.773941
0	316	-124.148651	41.871109
0	317	-124.158913	41.840797
0	318	-124.159027	41.823792
0	319	-124.161003	41.816998
0	320	-124.168648	41.80891
0	321	-124.194763	41.788109
0	322	-124.196182	41.771416
0	323	-124.155693	41.795528
0	324	-124.188248	41.768291
0	325	-121.763817	41.779503
0	326	-121.803207	41.777287
0	327	-121.84935	41.771542
0	328	-121.889122	41.77042
0	329	-121.911873	41.767319
0	330	-121.915749	41.767513
0	331	-121.92141	41.767799
0	332	-121.938026	41.775974
0	333	-121.956573	41.773972
0	334	-121.963501	41.776173
0	335	-121.976784	41.784725
0	336	-122.03241	41.78603
0	337	-124.190178	41.766754
0	338	-124.178383	41.75943
0	339	-122.583397	41.828518
0	340	-122.585564	41.818771
0	341	-122.593651	41.803444
0	342	-122.598457	41.799065
0	343	-122.590553	41.789845
0	344	-122.593941	41.783474
0	345	-122.619057	41.763359
0	346	-122.625313	41.746933
0	347	-122.620773	41.745617
0	348	-122.585289	41.766266
0	349	-122.580109	41.776627
0	350	-122.578087	41.804482
0	351	-122.570587	41.81955
0	352	-122.571358	41.841068
0	353	-122.622833	41.744583
0	354	-122.617889	41.740967
0	355	-120.286339	42.002735
0	356	-120.294907	41.980164
0	357	-120.312172	41.942757
0	358	-120.334343	41.894653
0	359	-120.337852	41.880802
0	360	-120.350693	41.852917
0	361	-120.343857	41.835041
0	362	-120.343658	41.826115
0	363	-120.34594	41.822639
0	364	-120.366508	41.791271
0	365	-120.364639	41.740494
0	366	-120.496277	42.003895
0	367	-120.49646	41.99929
0	368	-120.497673	41.967964
0	369	-120.504066	41.946224
0	370	-120.50856	41.944244
0	371	-120.510887	41.936836
0	372	-120.507683	41.929386
0	373	-120.509506	41.913521
0	374	-120.501083	41.885399
0	375	-120.495087	41.878559
0	376	-120.490547	41.873379
0	377	-120.478409	41.86507
0	378	-120.472794	41.832047
0	379	-120.472816	41.822197
0	380	-120.467377	41.802452
0	381	-120.459618	41.795605
0	382	-120.44384	41.762608
0	383	-120.441833	41.758396
0	384	-120.433372	41.755234
0	385	-120.425636	41.743347
0	386	-120.398247	41.740791
0	387	-122.63102	41.728477
0	388	-121.515419	41.726101
0	389	-121.521042	41.735718
0	390	-121.542641	41.753822
0	391	-121.547729	41.76025
0	392	-121.552223	41.779083
0	393	-121.559647	41.784035
0	394	-121.558701	41.791641
0	395	-121.55323	41.80035
0	396	-121.547462	41.825348
0	397	-121.549362	41.839657
0	398	-121.554657	41.879585
0	399	-121.559761	41.902058
0	400	-121.561363	41.931095
0	401	-121.558273	41.947041
0	402	-121.560204	41.964149
0	403	-121.560066	41.964714
0	404	-121.556717	41.978966
0	405	-121.55098	41.988377
0	406	-121.552673	42.006229
0	407	-122.612297	41.736877
0	408	-122.595703	41.736366
0	409	-122.567337	41.728207
0	410	-122.534363	41.726242
0	411	-122.526543	41.724583
0	412	-122.516121	41.731308
0	413	-122.45784	41.730339
0	414	-122.373962	41.728886
0	415	-122.36058	41.733456
0	416	-122.329536	41.749905
0	417	-122.300583	41.759171
0	418	-122.297333	41.760212
0	419	-122.284126	41.759945
0	420	-122.253052	41.75528
0	421	-122.212921	41.7593
0	422	-122.183937	41.757492
0	423	-122.17263	41.754372
0	424	-122.161743	41.748936
0	425	-122.152481	41.748234
0	426	-122.137337	41.751308
0	427	-122.121437	41.754536
0	428	-122.116928	41.759106
0	429	-122.112183	41.775379
0	430	-122.10379	41.770508
0	431	-122.098618	41.770981
0	432	-122.098152	41.779945
0	433	-122.092659	41.783875
0	434	-122.086319	41.785091
0	435	-120.953568	41.843918
0	436	-120.981354	41.841969
0	437	-120.993637	41.837612
0	438	-121.02021	41.822182
0	439	-121.062317	41.823566
0	440	-121.07402	41.833202
0	441	-121.09108	41.831406
0	442	-121.092987	41.830429
0	443	-121.103233	41.825211
0	444	-121.112183	41.812721
0	445	-121.126083	41.805313
0	446	-121.143417	41.798916
0	447	-121.152679	41.799702
0	448	-121.16217	41.803913
0	449	-121.180687	41.788067
0	450	-121.189262	41.783607
0	451	-121.212334	41.762997
0	452	-121.215424	41.759426
0	453	-121.219704	41.754459
0	454	-121.235863	41.744652
0	455	-121.254387	41.73819
0	456	-121.270393	41.72197
0	457	-121.274849	41.720188
0	458	-121.502983	42.005657
0	459	-121.463493	41.966152
0	460	-121.423302	41.930233
0	461	-121.396309	41.913357
0	462	-121.311279	41.860096
0	463	-121.301498	41.847889
0	464	-121.298126	41.835194
0	465	-121.298393	41.819431
0	466	-121.298653	41.804008
0	467	-121.29483	41.751003
0	468	-121.290779	41.741543
0	469	-122.63343	41.720177
0	470	-122.632973	41.711945
0	471	-124.142677	41.740116
0	472	-124.124542	41.721794
0	473	-124.119041	41.71159
0	474	-124.111076	41.70385
0	475	-124.100487	41.699951
0	476	-124.099953	41.695396
0	477	-124.1064	41.687618
0	478	-121.276741	41.716675
0	479	-121.274773	41.706215
0	480	-121.238953	41.660023
0	481	-124.108063	41.65995
0	482	-120.030167	42.002838
0	483	-120.030792	42.001999
0	484	-120.020866	41.988544
0	485	-120.018967	41.98127
0	486	-120.025528	41.965511
0	487	-120.037666	41.956692
0	488	-120.044777	41.953781
0	489	-120.047287	41.952751
0	490	-120.065224	41.937122
0	491	-120.070709	41.924595
0	492	-120.068558	41.91275
0	493	-120.063179	41.903748
0	494	-120.066544	41.897469
0	495	-120.101753	41.895985
0	496	-120.103851	41.889282
0	497	-120.11969	41.892712
0	498	-120.129173	41.891972
0	499	-120.131203	41.883366
0	500	-120.133423	41.873985
0	501	-120.142578	41.873028
0	502	-120.147591	41.857765
0	503	-120.155197	41.856625
0	504	-120.160507	41.852802
0	505	-120.168167	41.829674
0	506	-120.166199	41.815765
0	507	-120.167267	41.801533
0	508	-120.179047	41.772514
0	509	-120.180527	41.768848
0	510	-120.191597	41.730049
0	511	-120.208328	41.699776
0	512	-120.213463	41.664585
0	513	-120.210983	41.658478
0	514	-120.201599	41.655144
0	515	-120.198517	41.654049
0	516	-122.624184	41.696579
0	517	-122.61657	41.687344
0	518	-122.600853	41.676468
0	519	-122.580116	41.667686
0	520	-122.541359	41.659145
0	521	-122.537163	41.656841
0	522	-122.535881	41.653244
0	523	-121.248459	41.654797
0	524	-121.259933	41.652737
0	525	-121.267326	41.653358
0	526	-121.278633	41.657486
0	527	-121.294823	41.657066
0	528	-121.321098	41.673645
0	529	-121.348938	41.681908
0	530	-121.362373	41.681362
0	531	-121.375122	41.6758
0	532	-121.387497	41.677582
0	533	-121.390503	41.677544
0	534	-121.412262	41.67725
0	535	-121.41967	41.673962
0	536	-121.425537	41.674637
0	537	-121.432228	41.682381
0	538	-121.440689	41.69738
0	539	-121.470451	41.710575
0	540	-121.487602	41.714668
0	541	-121.500687	41.72168
0	542	-122.53019	41.654221
0	543	-122.525833	41.651558
0	544	-124.101967	41.627724
0	545	-122.661491	41.689342
0	546	-122.673889	41.68433
0	547	-122.684563	41.683765
0	548	-122.690247	41.675896
0	549	-122.693604	41.675716
0	550	-122.712189	41.687576
0	551	-122.724564	41.675907
0	552	-122.741089	41.653236
0	553	-122.74202	41.647594
0	554	-122.742844	41.64259
0	555	-122.765312	41.631065
0	556	-122.781433	41.629967
0	557	-122.807213	41.630642
0	558	-122.817223	41.632851
0	559	-122.825363	41.628281
0	560	-122.838417	41.613045
0	561	-122.853981	41.626724
0	562	-122.858932	41.633564
0	563	-122.88237	41.635265
0	564	-122.913483	41.649612
0	565	-122.92321	41.648849
0	566	-122.940224	41.641254
0	567	-122.947952	41.641975
0	568	-122.963181	41.647324
0	569	-122.982178	41.649422
0	570	-122.999107	41.651291
0	571	-123.013947	41.655735
0	572	-123.045914	41.65073
0	573	-123.074493	41.642464
0	574	-123.091743	41.640343
0	575	-123.100052	41.640789
0	576	-123.11087	41.64476
0	577	-123.112534	41.669937
0	578	-123.112556	41.670593
0	579	-123.108276	41.682766
0	580	-123.097511	41.69141
0	581	-123.07093	41.701401
0	582	-123.028816	41.709507
0	583	-123.01796	41.717457
0	584	-123.006752	41.731159
0	585	-123.003952	41.740036
0	586	-123.005142	41.749378
0	587	-123.005402	41.751427
0	588	-123.015862	41.767132
0	589	-123.031708	41.78437
0	590	-122.84021	41.610958
0	591	-122.839188	41.609867
0	592	-121.900482	41.594322
0	593	-121.89061	41.600735
0	594	-121.877327	41.602947
0	595	-121.875214	41.606941
0	596	-121.880829	41.623413
0	597	-121.880463	41.630077
0	598	-121.87751	41.635258
0	599	-121.857552	41.641895
0	600	-121.839561	41.650272
0	601	-121.832787	41.649891
0	602	-121.82251	41.643711
0	603	-121.789993	41.638092
0	604	-121.787758	41.637707
0	605	-121.772713	41.637005
0	606	-121.770348	41.645821
0	607	-121.747177	41.654644
0	608	-121.724243	41.654743
0	609	-121.707413	41.666485
0	610	-121.698418	41.668945
0	611	-121.692307	41.668983
0	612	-121.67643	41.661659
0	613	-121.671227	41.661655
0	614	-121.662773	41.674858
0	615	-121.657013	41.678505
0	616	-121.620438	41.685635
0	617	-121.608208	41.685932
0	618	-121.598549	41.679703
0	619	-121.559059	41.683689
0	620	-121.553307	41.680496
0	621	-121.546013	41.681263
0	622	-121.538986	41.685459
0	623	-121.536911	41.690357
0	624	-121.537933	41.699711
0	625	-121.529373	41.703968
0	626	-121.524162	41.712227
0	627	-121.751793	41.77087
0	628	-121.761047	41.763813
0	629	-121.771187	41.76038
0	630	-121.784439	41.745808
0	631	-121.809387	41.728188
0	632	-121.835373	41.719913
0	633	-121.862793	41.702854
0	634	-121.876923	41.695793
0	635	-121.877724	41.695717
0	636	-121.900017	41.693592
0	637	-121.906181	41.690331
0	638	-121.913551	41.683117
0	639	-121.918541	41.673031
0	640	-121.921333	41.658463
0	641	-121.91684	41.614891
0	642	-121.903679	41.596012
0	643	-123.376183	41.795742
0	644	-123.385422	41.793129
0	645	-123.395027	41.785213
0	646	-123.404678	41.757557
0	647	-123.41127	41.750282
0	648	-123.438187	41.737888
0	649	-123.446922	41.727726
0	650	-123.448883	41.720264
0	651	-123.447289	41.708195
0	652	-123.444504	41.699226
0	653	-123.443077	41.694675
0	654	-123.437698	41.684441
0	655	-123.440208	41.679241
0	656	-123.457329	41.670181
0	657	-123.462639	41.662518
0	658	-123.464577	41.634857
0	659	-123.468361	41.630039
0	660	-123.489143	41.626724
0	661	-123.494431	41.621811
0	662	-123.500053	41.611374
0	663	-123.513443	41.602333
0	664	-123.51461	41.601543
0	665	-123.523277	41.591145
0	666	-123.518356	41.570435
0	667	-119.994759	41.567501
0	668	-120	41.565628
0	669	-120.369057	41.696152
0	670	-120.404297	41.622433
0	671	-120.404953	41.619404
0	672	-120.408386	41.603069
0	673	-120.424667	41.588573
0	674	-120.432999	41.563572
0	675	-124.090912	41.618362
0	676	-124.088257	41.611416
0	677	-124.088753	41.602428
0	678	-124.08036	41.591038
0	679	-124.060417	41.577652
0	680	-124.054207	41.566349
0	681	-124.047592	41.562187
0	682	-122.231903	41.545959
0	683	-122.227783	41.546043
0	684	-122.219177	41.556095
0	685	-122.198914	41.57267
0	686	-122.192253	41.580559
0	687	-122.189041	41.589424
0	688	-122.196609	41.613361
0	689	-122.192093	41.642467
0	690	-122.184082	41.649044
0	691	-122.177551	41.651424
0	692	-122.175537	41.651691
0	693	-122.147888	41.655373
0	694	-122.130661	41.654366
0	695	-122.082939	41.680027
0	696	-122.042091	41.696857
0	697	-122.038467	41.701153
0	698	-122.03788	41.708744
0	699	-122.058456	41.756607
0	700	-122.059334	41.76688
0	701	-122.521049	41.65469
0	702	-122.48439	41.655655
0	703	-122.470573	41.651772
0	704	-122.455078	41.649811
0	705	-122.440239	41.644833
0	706	-122.429337	41.64286
0	707	-122.421944	41.635441
0	708	-122.412354	41.630878
0	709	-122.384277	41.631836
0	710	-122.371277	41.630196
0	711	-122.36998	41.629177
0	712	-122.348244	41.612087
0	713	-122.334579	41.606346
0	714	-122.301308	41.600204
0	715	-122.284378	41.592098
0	716	-122.253502	41.571152
0	717	-122.23893	41.55632
0	718	-122.234383	41.551682
0	719	-122.234001	41.547344
0	720	-120.006493	41.563305
0	721	-120.024406	41.56142
0	722	-120.058411	41.551968
0	723	-120.097527	41.547161
0	724	-120.120407	41.541218
0	725	-120.130653	41.541096
0	726	-120.163162	41.540703
0	727	-120.165627	41.547886
0	728	-120.163841	41.588692
0	729	-120.168282	41.603214
0	730	-120.172653	41.610638
0	731	-120.174316	41.630508
0	732	-120.171753	41.645237
0	733	-120.173347	41.652287
0	734	-120.176537	41.654709
0	735	-120.18885	41.654339
0	736	-120.202713	41.545162
0	737	-120.219383	41.548546
0	738	-120.230904	41.552773
0	739	-120.253708	41.567871
0	740	-120.26712	41.572952
0	741	-120.306686	41.570805
0	742	-120.314987	41.57169
0	743	-120.318802	41.570705
0	744	-120.332153	41.567257
0	745	-120.353241	41.567734
0	746	-120.375526	41.573208
0	747	-120.400017	41.574257
0	748	-120.411873	41.573189
0	749	-120.428093	41.563274
0	750	-124.044434	41.55344
0	751	-124.02253	41.530991
0	752	-123.530487	41.558575
0	753	-123.538971	41.535107
0	754	-123.540901	41.533154
0	755	-123.551079	41.531155
0	756	-123.556824	41.527592
0	757	-123.572884	41.529133
0	758	-123.579376	41.532639
0	759	-123.586563	41.548035
0	760	-123.593948	41.554008
0	761	-123.611008	41.558929
0	762	-123.999687	41.534546
0	763	-123.986313	41.529907
0	764	-123.969841	41.533043
0	765	-123.964851	41.540253
0	766	-123.957603	41.538425
0	767	-123.952843	41.528862
0	768	-123.944763	41.527779
0	769	-123.935371	41.531368
0	770	-123.922363	41.529911
0	771	-123.915916	41.535149
0	772	-123.90593	41.557602
0	773	-123.902023	41.555557
0	774	-123.901466	41.553532
0	775	-123.897827	41.540215
0	776	-123.88929	41.529739
0	777	-123.87986	41.524834
0	778	-123.869148	41.52483
0	779	-123.860168	41.529308
0	780	-123.84552	41.548607
0	781	-123.834671	41.5555
0	782	-123.832947	41.570072
0	783	-123.83638	41.576054
0	784	-123.857338	41.590214
0	785	-123.865891	41.595985
0	786	-123.867104	41.601189
0	787	-123.857986	41.631618
0	788	-123.881058	41.659306
0	789	-123.888046	41.674934
0	790	-123.906563	41.686607
0	791	-123.906799	41.691414
0	792	-123.899696	41.693707
0	793	-123.897171	41.695839
0	794	-123.894096	41.698425
0	795	-123.888031	41.717873
0	796	-123.887192	41.734692
0	797	-123.873497	41.743832
0	798	-123.872391	41.750332
0	799	-123.878059	41.759613
0	800	-123.878632	41.767384
0	801	-123.875717	41.77951
0	802	-123.867561	41.794266
0	803	-123.859703	41.800739
0	804	-123.859177	41.811008
0	805	-123.85894	41.815712
0	806	-123.856956	41.819969
0	807	-123.858513	41.82814
0	808	-123.864571	41.832806
0	809	-123.88578	41.838116
0	810	-123.89698	41.839237
0	811	-123.934563	41.831776
0	812	-123.957611	41.836956
0	813	-123.979683	41.833694
0	814	-123.996788	41.834946
0	815	-123.997978	41.835033
0	816	-124.00415	41.837849
0	817	-122.533463	41.646484
0	818	-122.523933	41.632755
0	819	-122.524773	41.568504
0	820	-122.519188	41.529644
0	821	-122.518044	41.521614
0	822	-120.434303	41.559639
0	823	-120.453072	41.5359
0	824	-120.479187	41.523365
0	825	-120.528503	41.505951
0	826	-120.612389	41.505306
0	827	-120.623329	41.515091
0	828	-120.636101	41.534348
0	829	-120.64679	41.544518
0	830	-120.662727	41.555645
0	831	-120.683167	41.575092
0	832	-120.687103	41.589153
0	833	-120.696663	41.611073
0	834	-120.697433	41.612843
0	835	-120.693283	41.624897
0	836	-120.702599	41.68618
0	837	-120.706833	41.690384
0	838	-120.721321	41.69698
0	839	-120.739113	41.716969
0	840	-120.741943	41.724506
0	841	-120.747192	41.738445
0	842	-120.747658	41.765224
0	843	-120.755653	41.780293
0	844	-120.750252	41.796745
0	845	-120.604393	41.509785
0	846	-120.590698	41.51025
0	847	-120.563202	41.504539
0	848	-120.540581	41.503696
0	849	-120.53756	41.501057
0	850	-120.533363	41.497375
0	851	-120.531723	41.503532
0	852	-120.53125	41.495533
0	853	-120.537086	41.492104
0	854	-120.521622	41.488621
0	855	-124.02079	41.529037
0	856	-124.024117	41.520782
0	857	-124.043839	41.500893
0	858	-124.047333	41.491478
0	859	-124.039833	41.479568
0	860	-124.040367	41.471035
0	861	-122.856247	41.59013
0	862	-122.898323	41.554104
0	863	-122.902901	41.525867
0	864	-122.901718	41.499916
0	865	-122.901573	41.496578
0	866	-122.892433	41.481255
0	867	-122.892662	41.470692
0	868	-122.520126	41.648087
0	869	-122.50309	41.62236
0	870	-122.469017	41.543846
0	871	-122.467819	41.534893
0	872	-122.465309	41.516293
0	873	-122.451843	41.485565
0	874	-122.442413	41.469078
0	875	-122.51738	41.51775
0	876	-122.504807	41.500511
0	877	-122.497292	41.495163
0	878	-122.461693	41.476353
0	879	-122.451767	41.467915
0	880	-122.37883	41.450974
0	881	-122.36293	41.454067
0	882	-122.354668	41.46067
0	883	-122.343697	41.485065
0	884	-122.30529	41.523888
0	885	-122.296913	41.529346
0	886	-122.272888	41.534203
0	887	-122.270111	41.536755
0	888	-122.261292	41.544861
0	889	-122.235817	41.543587
0	890	-120.870506	41.44828
0	891	-120.848969	41.460415
0	892	-120.834297	41.464611
0	893	-120.802238	41.463936
0	894	-120.741631	41.479603
0	895	-120.719551	41.49229
0	896	-120.718773	41.492516
0	897	-120.704269	41.496719
0	898	-120.693993	41.503262
0	899	-120.679703	41.503986
0	900	-120.654427	41.499825
0	901	-120.621803	41.500031
0	902	-121.188187	41.593723
0	903	-121.171249	41.57423
0	904	-121.150497	41.553326
0	905	-121.137756	41.540485
0	906	-121.003273	41.5154
0	907	-120.996277	41.513126
0	908	-120.973007	41.505543
0	909	-120.961937	41.49519
0	910	-120.909286	41.468971
0	911	-120.889397	41.463291
0	912	-120.874733	41.453293
0	913	-122.384209	41.43259
0	914	-122.427071	41.447849
0	915	-122.418983	41.442757
0	916	-122.398163	41.438538
0	917	-122.830467	41.595661
0	918	-122.826767	41.576366
0	919	-122.820297	41.563183
0	920	-122.823883	41.546474
0	921	-122.832916	41.538643
0	922	-122.835487	41.530476
0	923	-122.83445	41.516541
0	924	-122.830513	41.510563
0	925	-122.818008	41.501377
0	926	-122.818466	41.494194
0	927	-122.822983	41.483219
0	928	-122.838699	41.46883
0	929	-122.841087	41.462048
0	930	-122.830544	41.441292
0	931	-122.829117	41.42646
0	932	-122.818001	41.404194
0	933	-122.829964	41.403481
0	934	-122.87532	41.46545
0	935	-122.871788	41.466793
0	936	-122.863533	41.460361
0	937	-122.861603	41.440514
0	938	-122.850883	41.417934
0	939	-122.841293	41.413414
0	940	-120.518929	41.472816
0	941	-120.512466	41.456314
0	942	-120.513741	41.436581
0	943	-120.531189	41.401882
0	944	-120.534058	41.39024
0	945	-120.542213	41.484863
0	946	-120.543549	41.466499
0	947	-120.541779	41.405876
0	948	-120.540047	41.397232
0	949	-123.517532	41.54628
0	950	-123.520493	41.525444
0	951	-123.515633	41.508755
0	952	-123.507874	41.493389
0	953	-123.489517	41.487614
0	954	-123.485924	41.482555
0	955	-123.485237	41.473415
0	956	-123.492523	41.458515
0	957	-123.493446	41.457233
0	958	-123.499168	41.449394
0	959	-123.490379	41.441433
0	960	-123.485733	41.409355
0	961	-123.470711	41.390205
0	962	-122.806839	41.372402
0	963	-122.805237	41.355747
0	964	-122.793747	41.337803
0	965	-122.822968	41.381615
0	966	-122.821281	41.364048
0	967	-122.810226	41.341026
0	968	-122.80468	41.3372
0	969	-124.032059	41.462627
0	970	-124.031219	41.447525
0	971	-124.01738	41.407101
0	972	-124.007477	41.392822
0	973	-124.005272	41.37896
0	974	-124.017448	41.362782
0	975	-124.020477	41.353249
0	976	-124.022598	41.3466
0	977	-124.019836	41.335987
0	978	-124.021507	41.334503
0	979	-120	41.332169
0	980	-119.999046	41.332306
0	981	-119.992622	41.332119
0	982	-122.756554	41.33086
0	983	-122.747711	41.334087
0	984	-122.744331	41.340233
0	985	-122.740669	41.356251
0	986	-122.737251	41.35873
0	987	-122.716042	41.360096
0	988	-122.710991	41.364723
0	989	-122.702248	41.385139
0	990	-122.676826	41.400253
0	991	-122.661011	41.413704
0	992	-122.654297	41.417213
0	993	-122.647339	41.420849
0	994	-122.635223	41.421719
0	995	-122.63205	41.423717
0	996	-122.630211	41.433445
0	997	-122.634956	41.451771
0	998	-122.632683	41.459919
0	999	-122.62307	41.46822
0	1000	-122.612427	41.471989
0	1001	-122.586647	41.477238
0	1002	-122.574638	41.482677
0	1003	-122.556671	41.497307
0	1004	-122.549057	41.503498
0	1005	-122.540154	41.512905
0	1006	-122.534348	41.516186
0	1007	-122.521744	41.518669
0	1008	-120.104607	41.325127
0	1009	-120.111794	41.348022
0	1010	-120.120178	41.362885
0	1011	-120.116814	41.391373
0	1012	-120.11805	41.415142
0	1013	-120.130882	41.444752
0	1014	-120.13224	41.447124
0	1015	-120.140953	41.462311
0	1016	-120.142517	41.474854
0	1017	-120.164177	41.509464
0	1018	-120.089684	41.326469
0	1019	-120.067413	41.325066
0	1020	-120.032562	41.32745
0	1021	-122.787399	41.331715
0	1022	-122.776367	41.324745
0	1023	-122.301682	41.312695
0	1024	-122.301231	41.311363
0	1025	-122.299629	41.30661
0	1026	-122.3041	41.302166
0	1027	-122.379044	41.412216
0	1028	-122.374924	41.403713
0	1029	-122.317673	41.317955
0	1030	-122.316269	41.315868
0	1031	-122.307648	41.304375
0	1032	-122.296219	41.29726
0	1033	-123.582603	41.292141
0	1034	-123.575249	41.294659
0	1035	-123.570343	41.302761
0	1036	-123.562607	41.307369
0	1037	-123.540169	41.311264
0	1038	-123.535637	41.31728
0	1039	-123.513069	41.325768
0	1040	-123.496643	41.348801
0	1041	-123.4897	41.366661
0	1042	-123.476196	41.377346
0	1043	-123.475937	41.377956
0	1044	-123.588951	41.302994
0	1045	-123.595207	41.304447
0	1046	-123.602631	41.302612
0	1047	-123.606117	41.306755
0	1048	-123.604668	41.315796
0	1049	-123.596413	41.321125
0	1050	-123.595016	41.325111
0	1051	-123.59848	41.331783
0	1052	-123.593567	41.33989
0	1053	-123.596077	41.343407
0	1054	-123.613991	41.339779
0	1055	-123.618134	41.341358
0	1056	-123.624458	41.340736
0	1057	-123.631592	41.347412
0	1058	-123.650543	41.353352
0	1059	-123.656677	41.362682
0	1060	-123.658234	41.36504
0	1061	-123.665314	41.385025
0	1062	-123.66291	41.388161
0	1063	-123.654373	41.388229
0	1064	-123.650726	41.391212
0	1065	-123.64756	41.398521
0	1066	-123.638634	41.406193
0	1067	-123.629837	41.434738
0	1068	-123.613319	41.445629
0	1069	-123.605499	41.463554
0	1070	-123.606133	41.469368
0	1071	-123.617683	41.480019
0	1072	-123.629448	41.495358
0	1073	-123.631577	41.509228
0	1074	-123.637283	41.519436
0	1075	-123.634659	41.531765
0	1076	-123.639778	41.544991
0	1077	-123.638481	41.549889
0	1078	-123.628166	41.556267
0	1079	-123.619904	41.559071
0	1080	-120.080338	41.280739
0	1081	-120.085648	41.289734
0	1082	-120.101257	41.303696
0	1083	-121.908379	41.574936
0	1084	-121.90966	41.560669
0	1085	-121.907219	41.553215
0	1086	-121.893379	41.537121
0	1087	-121.89151	41.521622
0	1088	-121.887863	41.514225
0	1089	-121.859833	41.492355
0	1090	-121.857407	41.485134
0	1091	-121.857819	41.48201
0	1092	-121.858917	41.473606
0	1093	-121.868736	41.462845
0	1094	-121.898178	41.442245
0	1095	-121.905411	41.433662
0	1096	-121.907059	41.427628
0	1097	-121.905128	41.422672
0	1098	-121.891197	41.408875
0	1099	-121.890404	41.399055
0	1100	-121.893547	41.392727
0	1101	-121.899094	41.389721
0	1102	-121.909378	41.38879
0	1103	-121.914261	41.385124
0	1104	-121.914398	41.384575
0	1105	-121.920883	41.358006
0	1106	-121.924713	41.322765
0	1107	-121.916801	41.304111
0	1108	-121.916557	41.276333
0	1109	-122.8946	41.459576
0	1110	-122.902657	41.448349
0	1111	-122.918358	41.43716
0	1112	-122.945877	41.437702
0	1113	-122.956833	41.434109
0	1114	-122.980553	41.411682
0	1115	-122.991173	41.411091
0	1116	-123.006752	41.395832
0	1117	-123.035378	41.367775
0	1118	-123.046707	41.346947
0	1119	-123.05764	41.340366
0	1120	-123.084877	41.311062
0	1121	-123.101723	41.308956
0	1122	-123.112877	41.311474
0	1123	-123.117943	41.312618
0	1124	-123.134201	41.313751
0	1125	-123.149948	41.31881
0	1126	-123.155998	41.324425
0	1127	-123.170029	41.330498
0	1128	-123.178841	41.330219
0	1129	-123.195061	41.324924
0	1130	-123.210533	41.315308
0	1131	-123.24189	41.306141
0	1132	-123.2584	41.294876
0	1133	-123.259537	41.294098
0	1134	-123.297173	41.283855
0	1135	-123.316391	41.274254
0	1136	-123.470383	41.391468
0	1137	-123.455063	41.393768
0	1138	-123.445602	41.390896
0	1139	-123.432663	41.39259
0	1140	-123.422363	41.38747
0	1141	-123.405678	41.368279
0	1142	-123.400948	41.346531
0	1143	-123.396271	41.342682
0	1144	-123.376877	41.343838
0	1145	-123.373466	41.34037
0	1146	-123.378082	41.326328
0	1147	-123.377151	41.324169
0	1148	-123.373253	41.315144
0	1149	-123.367897	41.310642
0	1150	-123.360023	41.308128
0	1151	-123.332123	41.288906
0	1152	-123.327629	41.28091
0	1153	-122.285751	41.301109
0	1154	-122.275284	41.299793
0	1155	-122.268341	41.296928
0	1156	-122.251427	41.284466
0	1157	-122.221878	41.27354
0	1158	-122.206841	41.279091
0	1159	-122.192917	41.279999
0	1160	-122.182373	41.277534
0	1161	-122.166237	41.27763
0	1162	-122.144989	41.272697
0	1163	-122.134232	41.270199
0	1164	-121.895317	41.279434
0	1165	-121.847313	41.276363
0	1166	-121.833923	41.272388
0	1167	-121.816399	41.264229
0	1168	-122.1241	41.263302
0	1169	-122.122337	41.262104
0	1170	-122.079826	41.262993
0	1171	-122.02211	41.267567
0	1172	-121.960747	41.268612
0	1173	-121.958282	41.269043
0	1174	-120.525597	41.379398
0	1175	-120.51461	41.373814
0	1176	-120.51078	41.360432
0	1177	-120.504539	41.352623
0	1178	-120.505142	41.331768
0	1179	-120.501373	41.319302
0	1180	-120.498734	41.295116
0	1181	-120.5047	41.273048
0	1182	-120.505234	41.271091
0	1183	-120.497276	41.259907
0	1184	-120.499733	41.244488
0	1185	-124.029968	41.325912
0	1186	-124.040413	41.31076
0	1187	-124.053741	41.302078
0	1188	-124.061707	41.291908
0	1189	-124.075043	41.293785
0	1190	-124.082382	41.291462
0	1191	-124.089233	41.279526
0	1192	-124.088867	41.271286
0	1193	-124.076347	41.255352
0	1194	-124.071213	41.245129
0	1195	-124.072662	41.239208
0	1196	-124.07328	41.236729
0	1197	-124.076279	41.235302
0	1198	-120.934052	41.208622
0	1199	-120.886353	41.275608
0	1200	-120.885773	41.290054
0	1201	-120.879646	41.303562
0	1202	-120.88945	41.323265
0	1203	-120.893639	41.331676
0	1204	-120.900269	41.354103
0	1205	-120.9161	41.358788
0	1206	-120.928864	41.367702
0	1207	-120.940727	41.372303
0	1208	-120.945282	41.381294
0	1209	-120.938187	41.398506
0	1210	-120.919243	41.411346
0	1211	-120.915367	41.421997
0	1212	-120.9151	41.422722
0	1213	-120.885239	41.441456
0	1214	-121.809807	41.27142
0	1215	-121.786163	41.283943
0	1216	-121.772751	41.295086
0	1217	-121.769089	41.30648
0	1218	-121.761589	41.31942
0	1219	-121.744293	41.335545
0	1220	-121.737221	41.338608
0	1221	-121.71138	41.339069
0	1222	-121.701019	41.341129
0	1223	-121.687691	41.343781
0	1224	-121.646652	41.34856
0	1225	-121.639793	41.34634
0	1226	-121.626007	41.337547
0	1227	-121.609482	41.340328
0	1228	-121.577347	41.342175
0	1229	-121.563263	41.348965
0	1230	-121.543213	41.351414
0	1231	-121.53894	41.361691
0	1232	-121.528107	41.367424
0	1233	-121.515419	41.368877
0	1234	-121.508537	41.366421
0	1235	-121.49868	41.356758
0	1236	-121.484222	41.350723
0	1237	-121.473381	41.348206
0	1238	-121.459602	41.351303
0	1239	-121.433533	41.352852
0	1240	-121.422958	41.349857
0	1241	-121.404961	41.338955
0	1242	-121.387917	41.328629
0	1243	-121.371536	41.325184
0	1244	-121.345993	41.329437
0	1245	-121.33255	41.328842
0	1246	-121.313202	41.317947
0	1247	-121.284599	41.317963
0	1248	-121.268127	41.308777
0	1249	-121.258453	41.299934
0	1250	-121.258041	41.299561
0	1251	-121.245377	41.29686
0	1252	-121.232002	41.29694
0	1253	-121.219131	41.286915
0	1254	-121.215767	41.269184
0	1255	-121.193031	41.235268
0	1256	-121.184799	41.230556
0	1257	-121.154663	41.22533
0	1258	-121.150253	41.222603
0	1259	-121.144203	41.218868
0	1260	-121.134743	41.218323
0	1261	-121.125763	41.224628
0	1262	-121.095108	41.225132
0	1263	-121.085716	41.221142
0	1264	-121.072647	41.220959
0	1265	-121.06823	41.222961
0	1266	-121.024498	41.223034
0	1267	-121.009857	41.217636
0	1268	-120.992493	41.218987
0	1269	-120.981163	41.219864
0	1270	-120.968727	41.215752
0	1271	-120.946587	41.216122
0	1272	-120.934982	41.210602
0	1273	-120.931808	41.20385
0	1274	-123.692833	41.198868
0	1275	-123.667671	41.206543
0	1276	-123.654327	41.223671
0	1277	-123.649277	41.233166
0	1278	-123.656319	41.244659
0	1279	-123.654472	41.252808
0	1280	-123.64637	41.25951
0	1281	-123.609322	41.271675
0	1282	-123.603691	41.275925
0	1283	-123.599693	41.284157
0	1284	-123.59771	41.288227
0	1285	-123.850487	41.36256
0	1286	-123.840683	41.354004
0	1287	-123.841087	41.344109
0	1288	-123.838921	41.332996
0	1289	-123.840927	41.323685
0	1290	-123.853973	41.31229
0	1291	-123.845703	41.301113
0	1292	-123.838783	41.296505
0	1293	-123.809464	41.293324
0	1294	-123.776619	41.285767
0	1295	-123.775932	41.285023
0	1296	-123.756538	41.264084
0	1297	-123.75489	41.241005
0	1298	-123.750702	41.233467
0	1299	-123.743874	41.22678
0	1300	-123.733994	41.209042
0	1301	-123.71611	41.209709
0	1302	-123.700844	41.203781
0	1303	-120.933327	41.196445
0	1304	-120.068657	41.266884
0	1305	-120.06665	41.257328
0	1306	-120.06868	41.243763
0	1307	-120.066368	41.234219
0	1308	-120.05011	41.219128
0	1309	-120.04422	41.192978
0	1310	-120.040588	41.187359
0	1311	-120.030571	41.18124
0	1312	-120.017998	41.178631
0	1313	-120.012009	41.178391
0	1314	-120	41.177914
0	1315	-119.994591	41.1777
0	1316	-119.991257	41.17712
0	1317	-124.083946	41.231659
0	1318	-124.090218	41.225273
0	1319	-124.092453	41.218239
0	1320	-124.089073	41.197109
0	1321	-124.090477	41.18301
0	1322	-124.100723	41.174294
0	1323	-124.109093	41.170074
0	1324	-120.458717	41.244698
0	1325	-120.444031	41.242661
0	1326	-120.338333	41.248127
0	1327	-120.334541	41.245789
0	1328	-120.329521	41.242683
0	1329	-120.31765	41.220394
0	1330	-120.30999	41.197285
0	1331	-120.305809	41.193069
0	1332	-120.280067	41.177395
0	1333	-120.272682	41.170071
0	1334	-120.265373	41.16938
0	1335	-120.257423	41.173977
0	1336	-120.243271	41.191441
0	1337	-120.234962	41.201683
0	1338	-120.228432	41.204403
0	1339	-120.222343	41.203903
0	1340	-120.20784	41.194046
0	1341	-120.203018	41.194653
0	1342	-120.192612	41.204353
0	1343	-120.185608	41.20388
0	1344	-120.176353	41.200958
0	1345	-120.164589	41.208179
0	1346	-120.153618	41.207367
0	1347	-120.136253	41.200333
0	1348	-120.123108	41.198666
0	1349	-120.113487	41.200325
0	1350	-120.107239	41.206284
0	1351	-120.106537	41.20694
0	1352	-120.101677	41.2183
0	1353	-120.099152	41.245617
0	1354	-120.093643	41.256535
0	1355	-120.082588	41.266018
0	1356	-123.312927	41.265491
0	1357	-123.302979	41.260571
0	1358	-123.26683	41.249619
0	1359	-123.231277	41.23243
0	1360	-123.215103	41.217083
0	1361	-123.206421	41.203594
0	1362	-123.205727	41.196754
0	1363	-123.207268	41.191936
0	1364	-123.208717	41.187401
0	1365	-123.200562	41.175949
0	1366	-123.201881	41.168072
0	1367	-123.193466	41.160072
0	1368	-123.184433	41.157845
0	1369	-123.158234	41.157295
0	1370	-123.147011	41.154503
0	1371	-123.125	41.156227
0	1372	-123.118584	41.161873
0	1373	-123.108833	41.164726
0	1374	-123.103371	41.164806
0	1375	-123.091133	41.154957
0	1376	-123.08831	41.151142
0	1377	-123.084457	41.145935
0	1378	-123.084122	41.13953
0	1379	-123.088158	41.131271
0	1380	-123.083519	41.124428
0	1381	-123.074112	41.11533
0	1382	-123.058052	41.106613
0	1383	-123.046432	41.102684
0	1384	-122.756088	41.322857
0	1385	-122.751846	41.313454
0	1386	-122.732368	41.303955
0	1387	-122.727798	41.30397
0	1388	-122.728271	41.312199
0	1389	-122.722893	41.313175
0	1390	-122.71434	41.303314
0	1391	-122.69474	41.292439
0	1392	-122.683098	41.272194
0	1393	-122.668716	41.268143
0	1394	-122.660873	41.262367
0	1395	-122.659157	41.260269
0	1396	-122.648514	41.2472
0	1397	-122.645607	41.235661
0	1398	-122.65007	41.215019
0	1399	-122.668053	41.163391
0	1400	-122.67305	41.15831
0	1401	-122.686577	41.156898
0	1402	-122.694489	41.151936
0	1403	-122.69577	41.151134
0	1404	-122.7024	41.144131
0	1405	-122.704063	41.12616
0	1406	-122.708023	41.110126
0	1407	-122.701553	41.093044
0	1408	-122.702621	41.081753
0	1409	-121.362747	41.068329
0	1410	-121.33551	41.078587
0	1411	-121.315887	41.083973
0	1412	-121.312408	41.086174
0	1413	-121.308792	41.095028
0	1414	-121.290367	41.104481
0	1415	-121.284073	41.109772
0	1416	-121.271332	41.10548
0	1417	-121.261879	41.100365
0	1418	-121.246521	41.080368
0	1419	-121.23642	41.078392
0	1420	-121.216408	41.074474
0	1421	-121.207832	41.068863
0	1422	-121.203712	41.070629
0	1423	-121.185204	41.096558
0	1424	-121.118477	41.142998
0	1425	-121.101837	41.15456
0	1426	-121.092979	41.158112
0	1427	-121.078453	41.158672
0	1428	-121.061623	41.156574
0	1429	-121.031357	41.15773
0	1430	-120.967529	41.182953
0	1431	-120.502808	41.219429
0	1432	-120.49807	41.190281
0	1433	-120.498756	41.16576
0	1434	-120.503792	41.153229
0	1435	-120.499641	41.14444
0	1436	-120.49176	41.134171
0	1437	-120.481087	41.124722
0	1438	-120.477058	41.121151
0	1439	-120.470329	41.109699
0	1440	-120.467484	41.091934
0	1441	-120.469292	41.081345
0	1442	-120.468742	41.066769
0	1443	-123.678093	41.065674
0	1444	-123.675858	41.081417
0	1445	-123.678993	41.09063
0	1446	-123.689697	41.105106
0	1447	-123.681236	41.113895
0	1448	-123.678719	41.121399
0	1449	-123.677261	41.149719
0	1450	-123.673882	41.15773
0	1451	-123.675941	41.165405
0	1452	-123.689842	41.183197
0	1453	-123.691162	41.184879
0	1454	-123.695381	41.195633
0	1455	-124.008423	41.326862
0	1456	-123.997864	41.288063
0	1457	-123.973373	41.271294
0	1458	-123.969101	41.249992
0	1459	-123.950943	41.232346
0	1460	-123.948303	41.227898
0	1461	-123.941887	41.217094
0	1462	-123.927681	41.207226
0	1463	-123.915077	41.195415
0	1464	-123.908539	41.180687
0	1465	-123.899406	41.175308
0	1466	-123.882263	41.171597
0	1467	-123.878197	41.15992
0	1468	-123.872757	41.157516
0	1469	-123.857964	41.158466
0	1470	-123.847763	41.154301
0	1471	-123.835854	41.157745
0	1472	-123.834503	41.158134
0	1473	-123.821716	41.158031
0	1474	-123.814346	41.162865
0	1475	-123.805794	41.176033
0	1476	-123.806992	41.195007
0	1477	-123.795242	41.207001
0	1478	-123.782608	41.211018
0	1479	-123.775574	41.210777
0	1480	-123.760384	41.202785
0	1481	-123.737869	41.197323
0	1482	-123.722527	41.196507
0	1483	-123.716133	41.196167
0	1484	-123.705994	41.18969
0	1485	-123.697563	41.176674
0	1486	-123.692177	41.160946
0	1487	-123.694633	41.150009
0	1488	-123.699989	41.14072
0	1489	-123.698914	41.128166
0	1490	-123.707718	41.1143
0	1491	-123.708099	41.103951
0	1492	-123.698601	41.086647
0	1493	-123.697113	41.085117
0	1494	-120.911972	41.192905
0	1495	-120.895943	41.198536
0	1496	-120.846092	41.188229
0	1497	-120.836884	41.181694
0	1498	-120.824333	41.165894
0	1499	-120.81218	41.156029
0	1500	-120.809433	41.151089
0	1501	-120.808197	41.143082
0	1502	-120.806847	41.134239
0	1503	-120.79586	41.128223
0	1504	-120.788673	41.12001
0	1505	-120.775574	41.1143
0	1506	-120.747543	41.107056
0	1507	-120.739067	41.09774
0	1508	-120.732536	41.094997
0	1509	-120.724617	41.09436
0	1510	-120.713753	41.10001
0	1511	-120.674454	41.104225
0	1512	-120.672501	41.104435
0	1513	-120.665688	41.102154
0	1514	-120.642502	41.08968
0	1515	-120.624184	41.087337
0	1516	-120.604347	41.090309
0	1517	-120.572006	41.081337
0	1518	-120.561951	41.075268
0	1519	-120.554138	41.066147
0	1520	-120.546272	41.06115
0	1521	-120.53595	41.06081
0	1522	-120.529053	41.06274
0	1523	-120.520157	41.065231
0	1524	-120.477943	41.06847
0	1525	-121.325043	41.059319
0	1526	-121.323212	41.055042
0	1527	-121.324051	41.04562
0	1528	-121.311707	41.033985
0	1529	-124.124863	41.162125
0	1530	-124.131683	41.147663
0	1531	-124.14595	41.139595
0	1532	-124.151047	41.131218
0	1533	-124.155312	41.110497
0	1534	-124.153053	41.104218
0	1535	-124.140694	41.089432
0	1536	-124.136223	41.072052
0	1537	-124.125938	41.064621
0	1538	-124.11731	41.058392
0	1539	-124.109703	41.050404
0	1540	-124.095734	41.029526
0	1541	-124.091072	41.010319
0	1542	-124.092857	40.981274
0	1543	-124.096817	40.963287
0	1544	-123.631866	40.95071
0	1545	-123.637337	40.96748
0	1546	-123.634163	40.98856
0	1547	-123.644073	41.015476
0	1548	-123.641747	41.027554
0	1549	-123.646782	41.034813
0	1550	-123.660538	41.041298
0	1551	-123.677391	41.064709
0	1552	-121.602112	40.946926
0	1553	-121.589897	40.959507
0	1554	-121.564697	40.974342
0	1555	-121.555344	40.986885
0	1556	-121.539551	40.994209
0	1557	-121.514236	40.99575
0	1558	-121.501244	41.008217
0	1559	-121.493767	41.009678
0	1560	-121.475853	41.004715
0	1561	-121.472977	41.004833
0	1562	-121.459541	41.005402
0	1563	-121.439819	41.013103
0	1564	-121.416672	41.03194
0	1565	-121.411232	41.040413
0	1566	-121.391258	41.06163
0	1567	-121.800621	41.255337
0	1568	-121.784523	41.228565
0	1569	-121.774742	41.216404
0	1570	-121.763588	41.213696
0	1571	-121.748894	41.212292
0	1572	-121.736366	41.207584
0	1573	-121.709442	41.193428
0	1574	-121.695587	41.187656
0	1575	-121.67617	41.17955
0	1576	-121.653099	41.17186
0	1577	-121.641579	41.164116
0	1578	-121.627937	41.14455
0	1579	-121.627968	41.121181
0	1580	-121.633919	41.088646
0	1581	-121.634804	41.083771
0	1582	-121.632332	41.071278
0	1583	-121.6092	41.03426
0	1584	-121.611931	41.026352
0	1585	-121.624947	41.02235
0	1586	-121.623268	41.000202
0	1587	-121.619423	40.985481
0	1588	-121.614632	40.974819
0	1589	-124.10244	40.951481
0	1590	-124.100029	40.942009
0	1591	-120.933273	41.170589
0	1592	-120.924507	41.161755
0	1593	-120.905571	41.113228
0	1594	-120.892143	41.097694
0	1595	-120.875938	41.082249
0	1596	-120.873413	41.079838
0	1597	-120.840408	41.042351
0	1598	-120.83342	41.027721
0	1599	-120.810928	41.016861
0	1600	-120.794777	41.000732
0	1601	-120.773499	40.986282
0	1602	-120.77076	40.984425
0	1603	-120.768333	40.979473
0	1604	-120.772629	40.970848
0	1605	-120.768547	40.963669
0	1606	-120.739189	40.93404
0	1607	-120.738541	40.918724
0	1608	-124.090202	40.934849
0	1609	-124.081169	40.924892
0	1610	-124.07412	40.913177
0	1611	-123.960114	40.897068
0	1612	-123.945976	40.897991
0	1613	-123.930481	40.902901
0	1614	-123.919998	40.909321
0	1615	-123.912567	40.916
0	1616	-123.899063	40.933174
0	1617	-123.892143	40.925587
0	1618	-123.888412	40.927437
0	1619	-123.886452	40.945007
0	1620	-123.883118	40.947746
0	1621	-123.872887	40.948406
0	1622	-123.851433	40.934196
0	1623	-123.846039	40.93063
0	1624	-123.828888	40.931728
0	1625	-123.820709	40.926289
0	1626	-123.819771	40.920609
0	1627	-123.810013	40.917332
0	1628	-123.814987	40.907604
0	1629	-123.810516	40.905598
0	1630	-123.792229	40.907227
0	1631	-123.790077	40.909657
0	1632	-123.797379	40.915386
0	1633	-123.791786	40.919647
0	1634	-123.792221	40.923519
0	1635	-123.797867	40.925224
0	1636	-123.798798	40.928146
0	1637	-123.786461	40.928936
0	1638	-123.779289	40.927097
0	1639	-123.774239	40.917091
0	1640	-123.774132	40.914433
0	1641	-123.773903	40.908623
0	1642	-123.763702	40.903996
0	1643	-123.755463	40.908878
0	1644	-123.748161	40.908653
0	1645	-123.74556	40.912487
0	1646	-123.734283	40.909073
0	1647	-123.724152	40.913383
0	1648	-123.716797	40.912701
0	1649	-123.70916	40.914791
0	1650	-123.699913	40.913307
0	1651	-123.690826	40.924435
0	1652	-123.664879	40.942123
0	1653	-123.660843	40.94949
0	1654	-123.653107	40.953648
0	1655	-123.651138	40.953953
0	1656	-123.645653	40.9548
0	1657	-124.05304	40.925381
0	1658	-124.044922	40.925919
0	1659	-124.032799	40.923275
0	1660	-123.99987	40.905704
0	1661	-121.655678	40.894463
0	1662	-124.067329	40.896889
0	1663	-124.066307	40.889538
0	1664	-121.668892	40.887611
0	1665	-121.698982	40.884201
0	1666	-121.68	40.884087
0	1667	-121.674477	40.886852
0	1668	-123.518822	40.876331
0	1669	-123.512512	40.885712
0	1670	-123.50248	40.893898
0	1671	-123.490448	40.894634
0	1672	-123.471573	40.890736
0	1673	-123.466759	40.891029
0	1674	-123.459251	40.900204
0	1675	-123.441757	40.909523
0	1676	-123.429176	40.913727
0	1677	-123.411751	40.926479
0	1678	-123.394852	40.942673
0	1679	-123.390549	40.946793
0	1680	-123.380722	40.951283
0	1681	-123.623131	40.939911
0	1682	-123.617706	40.9235
0	1683	-123.603218	40.898705
0	1684	-123.576843	40.895519
0	1685	-123.564957	40.900612
0	1686	-123.553253	40.895828
0	1687	-123.5233	40.878872
0	1688	-121.294724	41.033531
0	1689	-121.291481	41.01786
0	1690	-121.2817	41.00795
0	1691	-121.278061	40.995045
0	1692	-121.265427	40.983418
0	1693	-121.258904	40.968109
0	1694	-121.250389	40.963184
0	1695	-121.244202	40.948318
0	1696	-121.234497	40.93932
0	1697	-121.231743	40.934795
0	1698	-121.228363	40.92926
0	1699	-121.187828	40.902943
0	1700	-121.17366	40.899155
0	1701	-121.166237	40.887997
0	1702	-121.153877	40.875206
0	1703	-121.153084	40.872261
0	1704	-124.065552	40.884151
0	1705	-124.067703	40.872013
0	1706	-120.480942	41.047081
0	1707	-120.483788	41.01265
0	1708	-120.506264	40.945221
0	1709	-120.506706	40.943897
0	1710	-120.501343	40.929657
0	1711	-120.488083	40.909496
0	1712	-120.458893	40.871723
0	1713	-120.69548	40.896671
0	1714	-120.673553	40.888741
0	1715	-120.666313	40.883957
0	1716	-120.65403	40.880726
0	1717	-120.610367	40.842636
0	1718	-120.59874	40.840061
0	1719	-120.582497	40.830776
0	1720	-120.559258	40.825615
0	1721	-120.549019	40.825962
0	1722	-120.539909	40.830162
0	1723	-120.526138	40.8423
0	1724	-120.498009	40.851715
0	1725	-120.46759	40.867275
0	1726	-122.262352	41.27705
0	1727	-122.254471	41.266895
0	1728	-122.252533	41.255074
0	1729	-122.259758	41.243713
0	1730	-122.276649	41.228207
0	1731	-122.288788	41.203537
0	1732	-122.297302	41.195145
0	1733	-122.300537	41.191952
0	1734	-122.306587	41.170788
0	1735	-122.319206	41.162365
0	1736	-122.341423	41.117931
0	1737	-122.355507	41.108971
0	1738	-122.369347	41.085163
0	1739	-122.371567	41.081341
0	1740	-122.388657	41.068787
0	1741	-122.42688	41.007702
0	1742	-122.437248	40.988148
0	1743	-122.44059	40.974682
0	1744	-122.440567	40.973427
0	1745	-122.440483	40.963226
0	1746	-122.437469	40.953297
0	1747	-122.401543	40.92717
0	1748	-122.384537	40.919785
0	1749	-122.377853	40.91256
0	1750	-122.374878	40.899418
0	1751	-122.371162	40.891582
0	1752	-122.36171	40.880375
0	1753	-122.353127	40.874191
0	1754	-122.335876	40.86174
0	1755	-122.326103	40.846649
0	1756	-122.317833	40.828045
0	1757	-122.314972	40.816044
0	1758	-120.455887	41.064388
0	1759	-120.430023	41.051502
0	1760	-120.417183	41.049404
0	1761	-120.407257	41.050644
0	1762	-120.384712	41.069687
0	1763	-120.35112	41.075569
0	1764	-120.340874	41.071091
0	1765	-120.323273	41.066132
0	1766	-120.309486	41.062244
0	1767	-120.295227	41.061779
0	1768	-120.269287	41.074951
0	1769	-120.247414	41.079063
0	1770	-120.204933	41.049473
0	1771	-120.184723	41.039562
0	1772	-120.183052	41.039612
0	1773	-120.177467	41.03978
0	1774	-120.158463	41.046764
0	1775	-120.094658	41.036541
0	1776	-120.090599	41.034145
0	1777	-120.09243	41.022877
0	1778	-120.087669	41.012718
0	1779	-120.093697	41.006359
0	1780	-120.106194	41.002327
0	1781	-120.110519	40.998306
0	1782	-120.111069	40.991432
0	1783	-120.104843	40.976276
0	1784	-120.105499	40.965729
0	1785	-120.110771	40.956646
0	1786	-120.132668	40.941803
0	1787	-120.137741	40.934784
0	1788	-120.139809	40.922363
0	1789	-120.137199	40.901386
0	1790	-120.141853	40.898045
0	1791	-120.14637	40.897678
0	1792	-120.169128	40.897995
0	1793	-120.239769	40.898941
0	1794	-120.241737	40.896362
0	1795	-120.243584	40.868843
0	1796	-120.273491	40.869282
0	1797	-120.279694	40.866798
0	1798	-120.279694	40.853161
0	1799	-120.279694	40.811417
0	1800	-120.353256	40.810909
0	1801	-120.45134	40.874779
0	1802	-120.447632	40.878563
0	1803	-120.44342	40.878929
0	1804	-120.435188	40.882862
0	1805	-120.357262	40.882645
0	1806	-120.354973	40.879288
0	1807	-120.353943	40.838223
0	1808	-120.444641	40.863327
0	1809	-120.429352	40.859936
0	1810	-120.38192	40.832417
0	1811	-124.059174	40.857719
0	1812	-124.056557	40.837692
0	1813	-124.062233	40.826527
0	1814	-124.068626	40.824265
0	1815	-124.07299	40.820072
0	1816	-124.099358	40.804775
0	1817	-124.112999	40.802753
0	1818	-120.346916	40.805389
0	1819	-120.334198	40.788177
0	1820	-122.321053	40.809551
0	1821	-122.319511	40.802296
0	1822	-122.312553	40.788208
0	1823	-122.309723	40.786976
0	1824	-122.308693	40.781986
0	1825	-122.312607	40.778938
0	1826	-124.121964	40.801426
0	1827	-124.146072	40.792919
0	1828	-124.158234	40.785675
0	1829	-124.168907	40.774025
0	1830	-120.73838	40.916214
0	1831	-120.743896	40.907776
0	1832	-120.752983	40.874027
0	1833	-120.749802	40.861778
0	1834	-120.740898	40.8447
0	1835	-120.717171	40.807541
0	1836	-120.715843	40.800385
0	1837	-120.718964	40.787563
0	1838	-120.718674	40.777962
0	1839	-120.713318	40.769451
0	1840	-120.70549	40.750046
0	1841	-123.051102	40.749199
0	1842	-123.042923	40.755463
0	1843	-123.039009	40.764854
0	1844	-123.037956	40.775692
0	1845	-123.042053	40.795639
0	1846	-123.052116	40.81501
0	1847	-123.049767	40.83395
0	1848	-123.036484	40.84938
0	1849	-123.034576	40.866917
0	1850	-123.032402	40.869335
0	1851	-123.488892	40.862839
0	1852	-123.483917	40.858784
0	1853	-123.482697	40.852894
0	1854	-123.483727	40.837002
0	1855	-123.474831	40.821487
0	1856	-123.448624	40.799458
0	1857	-123.421669	40.793289
0	1858	-123.416527	40.793602
0	1859	-123.414467	40.793728
0	1860	-123.402817	40.800854
0	1861	-123.396652	40.802601
0	1862	-123.375977	40.801548
0	1863	-123.362457	40.805115
0	1864	-123.350594	40.804447
0	1865	-123.331383	40.791145
0	1866	-123.32077	40.78788
0	1867	-123.304337	40.789776
0	1868	-123.295021	40.7784
0	1869	-123.279579	40.772209
0	1870	-123.27652	40.768398
0	1871	-123.267807	40.757538
0	1872	-123.245087	40.7481
0	1873	-123.237106	40.746735
0	1874	-123.212173	40.75095
0	1875	-123.202843	40.751266
0	1876	-123.193604	40.746532
0	1877	-123.181824	40.749516
0	1878	-123.148422	40.765675
0	1879	-123.13591	40.773998
0	1880	-123.133698	40.775471
0	1881	-123.119919	40.779705
0	1882	-123.108788	40.780117
0	1883	-123.074074	40.774315
0	1884	-123.063477	40.768044
0	1885	-123.058067	40.762161
0	1886	-122.314056	40.777821
0	1887	-122.309067	40.744843
0	1888	-123.046227	40.740139
0	1889	-123.039772	40.73592
0	1890	-123.014977	40.741688
0	1891	-122.978737	40.747639
0	1892	-122.966133	40.754539
0	1893	-122.955498	40.744591
0	1894	-122.941116	40.743042
0	1895	-122.931633	40.738136
0	1896	-122.923317	40.730957
0	1897	-121.574562	40.908634
0	1898	-121.553528	40.886185
0	1899	-121.533073	40.871262
0	1900	-121.509567	40.843868
0	1901	-121.506248	40.827518
0	1902	-121.505661	40.807388
0	1903	-121.489769	40.76799
0	1904	-121.470657	40.754375
0	1905	-121.449913	40.742661
0	1906	-121.43956	40.739044
0	1907	-121.421623	40.739273
0	1908	-121.415039	40.735886
0	1909	-121.410606	40.724621
0	1910	-121.408012	40.705494
0	1911	-121.411293	40.692535
0	1912	-121.420174	40.682915
0	1913	-122.854507	40.679905
0	1914	-122.854568	40.689926
0	1915	-122.850327	40.696121
0	1916	-122.84124	40.701897
0	1917	-122.8358	40.708157
0	1918	-122.822083	40.709827
0	1919	-122.809837	40.707977
0	1920	-122.796532	40.710773
0	1921	-122.79274	40.718544
0	1922	-122.803787	40.745907
0	1923	-122.80349	40.752342
0	1924	-122.800751	40.755241
0	1925	-122.792	40.758472
0	1926	-122.785133	40.759304
0	1927	-122.784279	40.761284
0	1928	-122.769783	40.794987
0	1929	-122.769577	40.811962
0	1930	-122.636253	40.679688
0	1931	-122.632462	40.688232
0	1932	-122.63456	40.704395
0	1933	-122.633583	40.710175
0	1934	-122.93676	40.669758
0	1935	-122.929573	40.670158
0	1936	-122.917847	40.720566
0	1937	-122.917511	40.713936
0	1938	-122.921822	40.699249
0	1939	-122.930763	40.691872
0	1940	-122.939407	40.687717
0	1941	-122.93174	40.657539
0	1942	-122.917084	40.662605
0	1943	-122.899887	40.659439
0	1944	-122.891258	40.66061
0	1945	-122.884933	40.673111
0	1946	-122.869942	40.680363
0	1947	-122.863121	40.678448
0	1948	-122.93502	40.661144
0	1949	-121.171333	40.655277
0	1950	-121.170326	40.662308
0	1951	-121.17794	40.672306
0	1952	-121.193802	40.705788
0	1953	-121.204613	40.713829
0	1954	-121.211449	40.716988
0	1955	-121.227058	40.716133
0	1956	-121.241287	40.725632
0	1957	-121.24794	40.734524
0	1958	-121.246109	40.751869
0	1959	-121.244858	40.763725
0	1960	-121.245461	40.772404
0	1961	-121.249924	40.784359
0	1962	-121.27092	40.81694
0	1963	-121.2761	40.843292
0	1964	-121.28067	40.848145
0	1965	-121.287727	40.849689
0	1966	-121.290947	40.852535
0	1967	-121.297256	40.866238
0	1968	-121.306099	40.878712
0	1969	-121.306664	40.890827
0	1970	-121.312897	40.906372
0	1971	-121.323982	40.917599
0	1972	-121.326477	40.931465
0	1973	-121.324753	40.949627
0	1974	-121.32856	40.968937
0	1975	-121.324806	40.984207
0	1976	-121.323547	40.985893
0	1977	-121.319008	40.992004
0	1978	-121.3134	41.011013
0	1979	-121.40155	40.678745
0	1980	-121.396507	40.679871
0	1981	-121.394241	40.681797
0	1982	-121.393181	40.70039
0	1983	-121.390823	40.705299
0	1984	-121.387306	40.706818
0	1985	-121.361633	40.680637
0	1986	-121.342346	40.667927
0	1987	-121.324211	40.662724
0	1988	-121.310547	40.660404
0	1989	-121.299217	40.658482
0	1990	-121.222252	40.651302
0	1991	-121.212227	40.658802
0	1992	-121.191521	40.65963
0	1993	-122.822327	40.68391
0	1994	-122.807861	40.680809
0	1995	-122.794312	40.671467
0	1996	-122.772507	40.673576
0	1997	-122.764061	40.66716
0	1998	-122.75074	40.666508
0	1999	-122.743317	40.661411
0	2000	-122.736053	40.644844