1	712537.6589	3144490.859	1	2	1	3.754324472
3	712537.6589	3144490.859	1	5	3	20.48712029
4	712537.6589	3144490.859	1	7	4	19.18778095
6	712540.4078	3144488.302	2	1	2	3.754324472
7	712557.8589	3144494.277	5	1	3	20.48712029
8	712522.1066	3144502.097	7	1	4	19.18778095
9	712522.1066	3144502.097	7	9	5	201.9874648
10	712522.1066	3144502.097	7	9	6	131.0728743
11	712522.1066	3144502.097	7	9	7	131.0728743
12	712419.5208	3144583.683	9	7	5	201.9874648
13	712419.5208	3144583.683	9	7	6	131.0728743
14	712419.5208	3144583.683	9	7	7	131.0728743
15	712419.5208	3144583.683	9	15	8	1008.133081
16	711578.8617	3145075.599	15	9	8	1008.133081
17	711315.23	3145398.576	17	18	9	113.8534475
18	711315.23	3145398.576	17	18	10	113.8534475
19	711284.8628	3145505.612	18	17	9	113.8534475
20	711284.8628	3145505.612	18	17	10	113.8534475
21	711284.8628	3145505.612	18	22	11	186.325977
22	711284.8628	3145505.612	18	23	12	143.6497322
23	711317.7894	3145395.441	22	18	11	186.325977
24	711166.5205	3145580.771	23	18	12	143.6497322
25	717127.8386	3145318.723	25	26	13	574.0872494
26	717339.5058	3145753.783	26	25	13	574.0872494
27	717339.5058	3145753.783	26	27	14	120.8482372
28	717339.5058	3145753.783	26	30	16	431.3930825
29	717456.1606	3145722.941	27	26	14	120.8482372
30	716367.0308	3146025.047	29	30	15	944.0848939
31	717230.2405	3146166.471	30	29	15	944.0848939
32	717230.2405	3146166.471	30	26	16	431.3930825
33	717230.2405	3146166.471	30	42	21	668.57047
34	717836.773	3146478.003	33	34	17	79.63849352
35	717836.773	3146478.003	33	36	19	60.25164039
36	717836.773	3146478.003	33	50	25	414.2659439
37	717914.3272	3146459.903	34	33	17	79.63849352
38	717914.3272	3146459.903	34	39	20	568.9510146
39	717680.2899	3146028.4	35	36	18	517.7572587
40	717778.0981	3146491.697	36	35	18	517.7572587
41	717778.0981	3146491.697	36	33	19	60.25164039
42	717778.0981	3146491.697	36	42	22	822.5407714
43	718435.082	3146536.353	39	34	20	568.9510146
44	716996.3646	3146745.89	42	30	21	668.57047
45	716996.3646	3146745.89	42	36	22	822.5407714
46	716996.3646	3146745.89	42	678	340	4012.481869
47	710732.8405	3146560.19	45	46	23	270.0798584
48	710723.9975	3146801.652	46	45	23	270.0798584
49	710723.9975	3146801.652	46	48	24	62.32259362
50	710723.9975	3146801.652	46	168	95	697.3871711
51	710779.3307	3146772.976	48	46	24	62.32259362
52	718013.6529	3146852.61	50	33	25	414.2659439
53	718013.6529	3146852.61	50	52	26	91.03736107
54	718013.6529	3146852.61	50	54	27	11.60047811
55	718088.5594	3146806.955	52	50	26	91.03736107
56	718018.6039	3146863.1	54	50	27	11.60047811
57	718018.6039	3146863.1	54	56	28	80.09373462
58	718018.6039	3146863.1	54	62	31	68.32412301
59	718091.8221	3146891.706	56	54	28	80.09373462
60	718091.8221	3146891.706	56	57	30	51.31925437
61	718091.8221	3146891.706	56	62	32	53.39091961
62	718141.0794	3146902.785	57	58	29	65.40754439
63	718141.0794	3146902.785	57	56	30	51.31925437
64	718141.0794	3146902.785	57	71	36	104.8174723
65	718155.52	3146839.548	58	57	29	65.40754439
66	718049.3333	3146923.714	62	54	31	68.32412301
67	718049.3333	3146923.714	62	56	32	53.39091961
68	718049.3333	3146923.714	62	70	35	48.02672986
69	718238.4092	3146930.153	65	66	33	111.5255323
70	718238.4092	3146930.153	65	68	34	65.86507809
71	718238.4092	3146930.153	65	71	37	43.86512469
72	718172.4486	3146844.13	66	65	33	111.5255323
73	718283.1539	3146886.447	68	65	34	65.86507809
74	718085.2392	3146955.61	70	62	35	48.02672986
75	718085.2392	3146955.61	70	90	45	65.15441361
76	718085.2392	3146955.61	70	97	50	56.66426691
77	718216.9759	3146968.249	71	57	36	104.8174723
78	718216.9759	3146968.249	71	65	37	43.86512469
79	718216.9759	3146968.249	71	112	57	82.34269066
80	710803.9608	3146971.059	75	76	38	66.43285657
81	710803.9608	3146971.059	75	77	40	8.449825266
82	710803.9608	3146971.059	75	82	41	124.8563061
83	710790.7053	3146969.768	76	75	38	66.43285657
84	710790.7053	3146969.768	76	77	39	10.40442995
85	710790.7053	3146969.768	76	174	88	231.9372108
86	710798.0706	3146977.117	77	76	39	10.40442995
87	710798.0706	3146977.117	77	75	40	8.449825266
88	710798.0706	3146977.117	77	222	117	428.8543226
89	710924.1184	3146982.899	82	75	41	124.8563061
90	718252.7609	3146993.945	83	84	42	49.74266576
91	718252.7609	3146993.945	83	106	53	26.1620776
92	718252.7609	3146993.945	83	107	54	33.93391476
93	718267.3665	3146948.284	84	83	42	49.74266576
94	718436.7953	3146987.877	85	86	43	25.32825531
95	718436.7953	3146987.877	85	154	78	128.9487195
96	718459.6735	3146998.745	86	85	43	25.32825531
97	718459.6735	3146998.745	86	94	47	28.80773601
98	718459.6735	3146998.745	86	127	64	55.91372424
99	717949.3394	3146885.112	87	88	44	128.6193984
100	718009.1418	3146998.936	88	87	44	128.6193984
101	718009.1418	3146998.936	88	97	49	70.44564547
102	718009.1418	3146998.936	88	102	52	29.22001323
103	718133.66	3146999.145	90	70	45	65.15441361
104	718133.66	3146999.145	90	92	46	35.62864519
105	718133.66	3146999.145	90	112	56	36.5291995
106	718154.5839	3146971.074	92	90	46	35.62864519
107	718487.4425	3147006.411	94	86	47	28.80773601
108	718487.4425	3147006.411	94	96	48	12.89879795
109	718487.4425	3147006.411	94	127	65	41.54372561
110	718496.049	3146996.803	96	94	48	12.89879795
111	718068.6018	3147006.777	97	88	49	70.44564547
112	718068.6018	3147006.777	97	70	50	56.66426691
113	718068.6018	3147006.777	97	116	58	22.55044352
114	717920.3361	3146899.11	101	102	51	129.1307356
115	717982.7433	3147011.463	102	101	51	129.1307356
116	717982.7433	3147011.463	102	88	52	29.22001323
117	717982.7433	3147011.463	102	118	59	27.75160093
118	718237.8678	3147015.455	106	83	53	26.1620776
119	718277.4289	3147016.653	107	83	54	33.93391476
120	718277.4289	3147016.653	107	110	55	39.1799966
121	718277.4289	3147016.653	107	169	85	106.3404237
122	718309.3236	3146995.248	110	107	55	39.1799966
123	718158.6671	3147025.773	112	90	56	36.5291995
124	718158.6671	3147025.773	112	71	57	82.34269066
125	718158.6671	3147025.773	112	124	62	17.98033082
126	718063.5805	3147027.616	116	97	58	22.55044352
127	717967.2737	3147034.503	118	102	59	27.75160093
128	717967.2737	3147034.503	118	120	60	82.6392354
129	717967.2737	3147034.503	118	158	79	58.67783663
130	718044.2216	3147013.51	120	118	60	82.6392354
131	714920.1272	3144859.064	121	122	61	3022.809057
132	713561.3582	3147035.923	122	121	61	3022.809057
133	713561.3582	3147035.923	122	143	72	1236.364881
134	713561.3582	3147035.923	122	574	287	928.3913821
135	718166.9257	3147041.281	124	112	62	17.98033082
136	718166.9257	3147041.281	124	126	63	60.17025963
137	718166.9257	3147041.281	124	136	68	22.9086437
138	718217.1846	3147039.518	126	124	63	60.17025963
139	718468.9458	3147043.596	127	86	64	55.91372424
140	718468.9458	3147043.596	127	94	65	41.54372561
141	718468.9458	3147043.596	127	131	66	8.03133738
142	718466.1317	3147051.072	131	127	66	8.03133738
143	718466.1317	3147051.072	131	134	67	38.73575538
144	718466.1317	3147051.072	131	161	81	55.69305799
145	718501.737	3147039.925	134	131	67	38.73575538
146	718174.0491	3147063.054	136	124	68	22.9086437
147	718174.0491	3147063.054	136	138	69	4.26397554
148	718174.0491	3147063.054	136	139	71	39.23289214
149	718175.3853	3147067.103	138	136	69	4.26397554
150	718175.3853	3147067.103	138	145	73	35.40530237
151	718175.3853	3147067.103	138	150	75	25.83314289
152	718135.3908	3147069.744	139	140	70	53.72648195
153	718135.3908	3147069.744	139	136	71	39.23289214
154	718135.3908	3147069.744	139	158	80	182.44531
155	718112.6037	3147022.193	140	139	70	53.72648195
156	712368.5919	3146924.096	143	122	72	1236.364881
157	718147.1025	3147087.71	145	138	73	35.40530237
158	718147.1025	3147087.71	145	177	89	25.16324351
159	718147.1025	3147087.71	145	202	101	134.4051497
160	718373.8619	3147088.109	147	148	74	50.49157464
161	718373.8619	3147088.109	147	154	77	39.26164631
162	718373.8619	3147088.109	147	165	83	24.73633729
163	718364.805	3147040.08	148	147	74	50.49157464
164	718187.192	3147089.994	150	138	75	25.83314289
165	718187.192	3147089.994	150	152	76	74.56238224
166	718187.192	3147089.994	150	258	129	99.62581424
167	718240.7196	3147039.266	152	150	76	74.56238224
168	718412.9075	3147091.726	154	147	77	39.26164631
169	718412.9075	3147091.726	154	85	78	128.9487195
170	718412.9075	3147091.726	154	180	90	45.50118311
171	717956.6379	3147091.846	158	118	79	58.67783663
172	717956.6379	3147091.846	158	139	80	182.44531
173	717956.6379	3147091.846	158	218	109	65.10901302
174	718484.1972	3147099.49	161	131	81	55.69305799
175	718484.1972	3147099.49	161	164	82	35.61790437
176	718484.1972	3147099.49	161	182	92	28.33041313
177	718518.341	3147091.043	164	161	82	35.61790437
178	718354.9813	3147103.203	165	147	83	24.73633729
179	718354.9813	3147103.203	165	191	97	97.01727121
180	718354.9813	3147103.203	165	205	103	31.46545306
181	710238.9728	3146982.563	167	168	84	128.5981381
182	710246.3963	3147110.146	168	167	84	128.5981381
183	710246.3963	3147110.146	168	46	95	697.3871711
184	710246.3963	3147110.146	168	196	98	18.76154671
185	710246.3963	3147110.146	168	236	119	149.2649448
186	718257.401	3147111.661	169	107	85	106.3404237
187	718257.401	3147111.661	169	172	86	52.15416944
188	718257.401	3147111.661	169	191	96	13.91253093
189	718304.7283	3147089.854	172	169	86	52.15416944
190	710666.4742	3147055.836	173	174	87	78.04986304
191	710612.3164	3147112.038	174	173	87	78.04986304
192	710612.3164	3147112.038	174	76	88	231.9372108
193	710612.3164	3147112.038	174	209	107	188.0824275
194	718145.5594	3147112.826	177	145	89	25.16324351
195	718145.5594	3147112.826	177	187	94	20.7809513
196	718145.5594	3147112.826	177	253	128	74.59416269
197	718443.8942	3147116.647	180	154	90	45.50118311
198	718443.8942	3147116.647	180	182	91	21.45872575
199	718443.8942	3147116.647	180	205	104	89.00924378
200	718465.3493	3147117.045	182	180	91	21.45872575
201	718465.3493	3147117.045	182	161	92	28.33041313
202	718465.3493	3147117.045	182	186	93	12.65877236
203	718477.152	3147121.621	186	182	93	12.65877236
204	718477.152	3147121.621	186	261	131	57.17923368
205	718477.152	3147121.621	186	264	132	100.9683305
206	718127.5222	3147123.146	187	177	94	20.7809513
207	718127.5222	3147123.146	187	197	99	27.03691483
208	718127.5222	3147123.146	187	253	127	49.40355807
209	718261.9595	3147124.805	191	169	96	13.91253093
210	718261.9595	3147124.805	191	165	97	97.01727121
211	718261.9595	3147124.805	191	249	125	42.04402503
212	710246.8847	3147128.902	196	168	98	18.76154671
213	710246.8847	3147128.902	196	199	100	28.47872221
214	710246.8847	3147128.902	196	230	115	21.26933794
215	718101.2549	3147129.124	197	187	99	27.03691483
216	718101.2549	3147129.124	197	242	122	76.42115523
217	718101.2549	3147129.124	197	296	148	83.99646961
218	710275.2992	3147130.229	199	196	100	28.47872221
219	710275.2992	3147130.229	199	203	102	29.80870247
220	710275.2992	3147130.229	199	225	113	18.42523231
221	718022.0335	3147131.083	202	145	101	134.4051497
222	718022.0335	3147131.083	202	218	110	75.91467
223	718022.0335	3147131.083	202	242	121	26.57234336
224	710304.9461	3147133.33	203	199	102	29.80870247
225	710304.9461	3147133.33	203	209	105	127.7040854
226	710304.9461	3147133.33	203	215	108	11.017829
227	718357.1384	3147134.341	205	165	103	31.46545306
228	718357.1384	3147134.341	205	180	104	89.00924378
229	718357.1384	3147134.341	205	211	106	11.09382702
230	710432.4536	3147137.381	209	203	105	127.7040854
231	710432.4536	3147137.381	209	174	107	188.0824275
232	710432.4536	3147137.381	209	222	112	9.884921726
233	718347.5675	3147139.951	211	205	106	11.09382702
234	718347.5675	3147139.951	211	249	126	92.67043781
235	718347.5675	3147139.951	211	270	135	111.5184603
236	710304.7103	3147144.346	215	203	108	11.017829
237	710304.7103	3147144.346	215	222	111	126.8400188
238	710304.7103	3147144.346	215	225	114	29.33230426
239	717947.4119	3147145.035	218	158	109	65.10901302
240	717947.4119	3147145.035	218	202	110	75.91467
241	717947.4119	3147145.035	218	239	120	54.44217954
242	717947.4119	3147145.035	218	266	133	43.62876077
243	710431.3668	3147147.206	222	215	111	126.8400188
244	710431.3668	3147147.206	222	209	112	9.884921726
245	710431.3668	3147147.206	222	77	117	428.8543226
246	710275.6955	3147148.65	225	199	113	18.42523231
247	710275.6955	3147148.65	225	215	114	29.33230426
248	710275.6955	3147148.65	225	230	116	28.36840284
249	710247.446	3147150.163	230	196	115	21.26933794
250	710247.446	3147150.163	230	225	116	28.36840284
251	710247.446	3147150.163	230	418	209	232.051206
252	710108.3792	3147094.259	235	236	118	61.4174476
253	710104.1994	3147155.534	236	235	118	61.4174476
254	710104.1994	3147155.534	236	168	119	149.2649448
255	710104.1994	3147155.534	236	246	123	52.61768398
256	710104.1994	3147155.534	236	294	147	56.05545386
257	717894.02	3147155.677	239	218	120	54.44217954
258	717894.02	3147155.677	239	279	140	54.61120689
259	717894.02	3147155.677	239	299	150	95.883002
260	718030.5544	3147156.252	242	202	121	26.57234336
261	718030.5544	3147156.252	242	197	122	76.42115523
262	718030.5544	3147156.252	242	247	124	5.407172408
263	710074.1661	3147123.522	246	236	123	52.61768398
264	718025.6419	3147158.511	247	242	124	5.407172408
265	718025.6419	3147158.511	247	266	134	80.8660852
266	718025.6419	3147158.511	247	306	153	86.63517049
267	718260.7972	3147166.381	249	191	125	42.04402503
268	718260.7972	3147166.381	249	211	126	92.67043781
269	718260.7972	3147166.381	249	258	130	29.72551934
270	718142.1128	3147170.346	253	187	127	49.40355807
271	718142.1128	3147170.346	253	177	128	74.59416269
272	718142.1128	3147170.346	253	285	143	37.89437275
273	718233.145	3147177.287	258	150	129	99.62581424
274	718233.145	3147177.287	258	249	130	29.72551934
275	718233.145	3147177.287	258	283	142	69.44197263
276	718233.145	3147177.287	258	319	160	74.63870086
277	718465.1294	3147177.519	261	186	131	57.17923368
278	718465.1294	3147177.519	261	274	138	19.60954269
279	718465.1294	3147177.519	261	278	139	56.86628015
280	718556.4738	3147180.832	264	186	132	100.9683305
281	717951.6983	3147188.263	266	218	133	43.62876077
282	717951.6983	3147188.263	266	247	134	80.8660852
283	717951.6983	3147188.263	266	272	136	9.295819559
284	718424.6559	3147195.427	270	211	135	111.5184603
285	718424.6559	3147195.427	270	274	137	36.19967416
286	718424.6559	3147195.427	270	311	156	115.1033173
287	717946.4699	3147195.949	272	266	136	9.295819559
288	717946.4699	3147195.949	272	279	141	23.38185531
289	717946.4699	3147195.949	272	340	170	75.33271377
290	718460.8349	3147196.652	274	270	137	36.19967416
291	718460.8349	3147196.652	274	261	138	19.60954269
292	718460.8349	3147196.652	274	310	155	40.74424315
293	718510.8412	3147188.4	278	261	139	56.86628015
294	717923.5053	3147200.347	279	239	140	54.61120689
295	717923.5053	3147200.347	279	272	141	23.38185531
296	717923.5053	3147200.347	279	292	146	37.94371259
297	718169.7334	3147205.592	283	258	142	69.44197263
298	718169.7334	3147205.592	283	285	144	20.25731058
299	718169.7334	3147205.592	283	332	166	66.10104561
300	718149.6572	3147207.482	285	253	143	37.89437275
301	718149.6572	3147207.482	285	283	144	20.25731058
302	718149.6572	3147207.482	285	289	145	12.87203589
303	718136.8132	3147208.331	289	285	145	12.87203589
304	718136.8132	3147208.331	289	296	149	18.28546097
305	718136.8132	3147208.331	289	336	168	57.83311344
306	717886.512	3147208.721	292	279	146	37.94371259
307	717886.512	3147208.721	292	299	151	27.15088602
308	717886.512	3147208.721	292	344	172	69.3360571
309	710094.2334	3147209.922	294	236	147	56.05545386
310	710094.2334	3147209.922	294	323	163	64.20322476
311	718118.7239	3147210.357	296	197	148	83.99646961
312	718118.7239	3147210.357	296	289	149	18.28546097
313	718118.7239	3147210.357	296	306	154	54.01978581
314	717860.1748	3147215.318	299	239	150	95.883002
315	717860.1748	3147215.318	299	292	151	27.15088602
316	717860.1748	3147215.318	299	350	175	82.29088552
317	710027.4902	3147222.522	303	304	152	51.58108088
318	710027.4902	3147222.522	303	313	158	50.92087645
319	710027.4902	3147222.522	303	323	162	25.16915089
320	710017.4576	3147172.026	304	303	152	51.58108088
321	718067.3281	3147226.989	306	247	153	86.63517049
322	718067.3281	3147226.989	306	296	154	54.01978581
323	718067.3281	3147226.989	306	317	159	44.80684538
324	718067.3281	3147226.989	306	354	177	60.4802442
325	718474.0039	3147234.824	310	274	155	40.74424315
326	718474.0039	3147234.824	310	327	164	21.03709709
327	718474.0039	3147234.824	310	334	167	55.45988479
328	718318.8993	3147235.806	311	270	156	115.1033173
329	718318.8993	3147235.806	311	319	161	55.03661666
330	718318.8993	3147235.806	311	327	165	144.1657874
331	718318.8993	3147235.806	311	371	186	77.53753884
332	709979.596	3147239.816	313	314	157	19.42172967
333	709979.596	3147239.816	313	303	158	50.92087645
334	709979.596	3147239.816	313	347	180	110.4459792
335	709964.0498	3147231.269	314	313	157	19.42172967
336	718025.9009	3147244.061	317	306	159	44.80684538
337	718025.9009	3147244.061	317	340	171	67.79989143
338	718025.9009	3147244.061	317	364	182	57.78316309
339	718264.6981	3147244.104	319	258	160	74.63870086
340	718264.6981	3147244.104	319	311	161	55.03661666
341	718264.6981	3147244.104	319	369	185	63.74431122
342	710040.0364	3147244.342	323	303	162	25.16915089
343	710040.0364	3147244.342	323	294	163	64.20322476
344	710040.0364	3147244.342	323	365	183	89.00250982
345	718456.4048	3147246.349	327	310	164	21.03709709
346	718456.4048	3147246.349	327	311	165	144.1657874
347	718456.4048	3147246.349	327	374	187	72.54814398
348	718172.0566	3147260.06	332	283	166	66.10104561
349	718172.0566	3147260.06	332	336	169	24.83526184
350	718172.0566	3147260.06	332	377	189	70.73656178
351	718521.5845	3147261.173	334	310	167	55.45988479
352	718147.7376	3147265.097	336	289	168	57.83311344
353	718147.7376	3147265.097	336	332	169	24.83526184
354	718147.7376	3147265.097	336	354	178	64.80168818
355	718147.7376	3147265.097	336	390	195	70.3707167
356	717963.4379	3147269.346	340	272	170	75.33271377
357	717963.4379	3147269.346	340	317	171	67.79989143
358	717963.4379	3147269.346	340	344	173	50.43290774
359	717963.4379	3147269.346	340	376	188	54.58338461
360	717913.7792	3147271.576	344	292	172	69.3360571
361	717913.7792	3147271.576	344	340	173	50.43290774
362	717913.7792	3147271.576	344	350	176	30.91878297
363	717913.7792	3147271.576	344	382	191	69.62616519
364	709925.8654	3147279.988	347	348	174	23.27801838
365	709925.8654	3147279.988	347	313	180	110.4459792
366	709925.8654	3147279.988	347	362	181	31.66296426
367	709915.745	3147259.025	348	347	174	23.27801838
368	717885.5662	3147284.225	350	299	175	82.29088552
369	717885.5662	3147284.225	350	344	176	30.91878297
370	717885.5662	3147284.225	350	358	179	10.66785516
371	718085.9216	3147284.54	354	306	177	60.4802442
372	718085.9216	3147284.54	354	336	178	64.80168818
373	718085.9216	3147284.54	354	403	203	95.72193749
374	717875.8324	3147288.59	358	350	179	10.66785516
375	717875.8324	3147288.59	358	368	184	34.50140445
376	717875.8324	3147288.59	358	383	192	46.95375775
377	709896.1173	3147290.832	362	347	181	31.66296426
378	718044.2323	3147298.835	364	317	182	57.78316309
379	718044.2323	3147298.835	364	403	202	102.828378
380	718044.2323	3147298.835	364	420	210	86.97585862
381	718044.2323	3147298.835	364	425	213	95.76795228
382	710002.8375	3147299.33	365	323	183	89.00250982
383	710002.8375	3147299.33	365	398	199	118.7839592
384	710002.8375	3147299.33	365	407	204	76.71820488
385	717844.0388	3147301.972	368	358	184	34.50140445
386	717844.0388	3147301.972	368	394	197	45.52420123
387	718262.7074	3147306.584	369	319	185	63.74431122
388	718262.7074	3147306.584	369	377	190	79.00631775
389	718262.7074	3147306.584	369	400	200	46.70915858
390	718324.8822	3147311.683	371	311	186	77.53753884
391	718459.2487	3147318.11	374	327	187	72.54814398
392	717968.825	3147323.526	376	340	188	54.58338461
393	717968.825	3147323.526	376	382	194	50.99300131
394	717968.825	3147323.526	376	436	218	65.4293776
395	718190.2561	3147327.205	377	332	189	70.73656178
396	718190.2561	3147327.205	377	369	190	79.00631775
397	718190.2561	3147327.205	377	390	196	41.45093773
398	717921.9269	3147327.515	382	344	191	69.62616519
399	717921.9269	3147327.515	382	383	193	27.74234653
400	717921.9269	3147327.515	382	376	194	50.99300131
401	717894.4982	3147331.675	383	358	192	46.95375775
402	717894.4982	3147331.675	383	382	193	27.74234653
403	717894.4982	3147331.675	383	394	198	34.41589471
404	718150.6056	3147335.129	390	336	195	70.3707167
405	718150.6056	3147335.129	390	377	196	41.45093773
406	718150.6056	3147335.129	390	430	216	76.36945906
407	717862.2496	3147343.695	394	368	197	45.52420123
408	717862.2496	3147343.695	394	383	198	34.41589471
409	717862.2496	3147343.695	394	436	221	156.5532177
410	709896.2766	3147346.231	398	365	199	118.7839592
411	718277.711	3147350.488	400	369	200	46.70915858
412	718277.711	3147350.488	400	402	201	33.26061083
413	718277.711	3147350.488	400	409	208	67.29862586
414	718301.9834	3147329.984	402	400	201	33.26061083
415	718085.7477	3147368.563	403	364	202	102.828378
416	718085.7477	3147368.563	403	354	203	95.72193749
417	718085.7477	3147368.563	403	412	206	16.69314039
418	710029.225	3147370.341	407	365	204	76.71820488
419	710029.225	3147370.341	407	418	220	275.5523737
420	710029.225	3147370.341	407	456	229	158.8524988
421	718325.6456	3147381.532	409	410	205	46.97760547
422	718325.6456	3147381.532	409	400	208	67.29862586
423	718325.6456	3147381.532	409	424	212	68.66992189
424	718329.9815	3147334.772	410	409	205	46.97760547
425	718080.8275	3147381.831	412	403	206	16.69314039
426	718080.8275	3147381.831	412	414	207	5.429004822
427	718080.8275	3147381.831	412	420	211	13.57316812
428	718086.2491	3147381.709	414	412	207	5.429004822
429	718086.2491	3147381.709	414	430	215	41.28390563
430	718086.2491	3147381.709	414	430	222	98.99391246
431	710253.4968	3147382.136	418	230	209	232.051206
432	710253.4968	3147382.136	418	407	220	275.5523737
433	710253.4968	3147382.136	418	462	231	157.6707498
434	718067.2714	3147382.511	420	364	210	86.97585862
435	718067.2714	3147382.511	420	412	211	13.57316812
436	718067.2714	3147382.511	420	425	214	25.96798669
437	718392.4022	3147383.158	424	409	212	68.66992189
438	718041.3362	3147383.816	425	364	213	95.76795228
439	718041.3362	3147383.816	425	420	214	25.96798669
440	718041.3362	3147383.816	425	436	219	69.56525833
441	718041.3362	3147383.816	425	445	223	64.38957643
442	718127.448	3147384.357	430	414	215	41.28390563
443	718127.448	3147384.357	430	390	216	76.36945906
444	718127.448	3147384.357	430	433	217	26.47945306
445	718127.448	3147384.357	430	414	222	98.99391246
446	718153.8779	3147385.977	433	430	217	26.47945306
447	717971.8587	3147387.308	436	376	218	65.4293776
448	717971.8587	3147387.308	436	425	219	69.56525833
449	717971.8587	3147387.308	436	394	221	156.5532177
450	717971.8587	3147387.308	436	447	224	76.92217648
451	718038.3744	3147445.347	445	425	223	64.38957643
452	717993.1382	3147461.229	447	436	224	76.92217648
453	709785.2119	3147487.052	449	450	225	79.31561338
454	709862.8956	3147502.681	450	449	225	79.31561338
455	709862.8956	3147502.681	450	451	226	222.3056565
456	709862.8956	3147502.681	450	454	227	96.68575471
457	709678.1454	3147379.926	451	450	226	222.3056565
458	709958.5266	3147516.924	454	450	227	96.68575471
459	709958.5266	3147516.924	454	456	228	67.66560976
460	709958.5266	3147516.924	454	474	238	128.0835116
461	710025.2623	3147527.725	456	454	228	67.66560976
462	710025.2623	3147527.725	456	407	229	158.8524988
463	710025.2623	3147527.725	456	464	232	53.36912304
464	709154.8517	3147530.072	459	460	230	253.4265356
465	709338.5897	3147477.35	460	459	230	253.4265356
466	710257.6112	3147539.753	462	418	231	157.6707498
467	710257.6112	3147539.753	462	464	233	183.1700571
468	710257.6112	3147539.753	462	468	234	26.01668159
469	710075.7734	3147544.956	464	456	232	53.36912304
470	710075.7734	3147544.956	464	462	233	183.1700571
471	710075.7734	3147544.956	464	492	246	143.7339386
472	710258.4993	3147565.754	468	462	234	26.01668159
473	710258.4993	3147565.754	468	470	235	1681.18431
474	710258.4993	3147565.754	468	471	236	40.44524079
475	711939.6518	3147555.422	470	468	235	1681.18431
476	711939.6518	3147555.422	470	580	290	909.3727702
477	711939.6518	3147555.422	470	580	331	1738.518105
478	710258.669	3147606.199	471	468	236	40.44524079
479	710258.669	3147606.199	471	481	241	34.43853488
480	710258.669	3147606.199	471	485	243	146.0888751
481	709870.911	3147626.433	473	474	237	36.97256813
482	709870.911	3147626.433	473	477	240	84.10678559
483	709870.911	3147626.433	473	487	244	35.25643393
484	709907.0692	3147634.15	474	473	237	36.97256813
485	709907.0692	3147634.15	474	454	238	128.0835116
486	709907.0692	3147634.15	474	492	250	159.2719919
487	709789.4606	3147636.367	477	478	239	181.4993343
488	709789.4606	3147636.367	477	473	240	84.10678559
489	709789.4606	3147636.367	477	483	242	134.3637927
490	709789.4606	3147636.367	477	502	251	101.4533016
491	709698.8463	3147479.106	478	477	239	181.4993343
492	710258.9165	3147640.637	481	471	241	34.43853488
493	710258.9165	3147640.637	481	496	249	123.4424951
494	710258.9165	3147640.637	481	513	257	103.9917881
495	709711.133	3147650.891	483	477	242	134.3637927
496	709711.133	3147650.891	483	489	245	54.80931704
497	709711.133	3147650.891	483	512	256	132.7486118
498	710121.3102	3147653.147	485	471	243	146.0888751
499	710121.3102	3147653.147	485	492	247	81.37774293
500	710121.3102	3147653.147	485	496	248	42.29170971
501	709892.9486	3147653.953	487	473	244	35.25643393
502	709892.9486	3147653.953	487	502	252	55.43902511
503	709892.9486	3147653.953	487	519	260	127.6393448
504	709661.37	3147673.109	489	483	245	54.80931704
505	709661.37	3147673.109	489	509	255	996.0249999
506	709661.37	3147673.109	489	532	266	140.1467639
507	710046.4366	3147684.959	492	464	246	143.7339386
508	710046.4366	3147684.959	492	485	247	81.37774293
509	710046.4366	3147684.959	492	474	250	159.2719919
510	710046.4366	3147684.959	492	516	258	65.76253461
511	710145.5819	3147687.781	496	485	248	42.29170971
512	710145.5819	3147687.781	496	481	249	123.4424951
513	710145.5819	3147687.781	496	506	253	73.44660377
514	709859.5037	3147692.491	502	477	251	101.4533016
515	709859.5037	3147692.491	502	487	252	55.43902511
516	709859.5037	3147692.491	502	524	263	67.6216413
517	710080.0907	3147720.979	506	496	253	73.44660377
518	708203.9623	3147685.188	507	508	254	371.3408638
519	708548.3817	3147662.742	508	507	254	371.3408638
520	708853.4121	3147616.575	509	489	255	996.0249999
521	709784.9417	3147743.178	512	483	256	132.7486118
522	709784.9417	3147743.178	512	518	259	10.04766705
523	709784.9417	3147743.178	512	532	267	114.10803
524	710259.6567	3147744.626	513	481	257	103.9917881
525	710259.6567	3147744.626	513	537	269	171.3745773
526	710259.6567	3147744.626	513	568	285	98.22610804
527	710034.2198	3147747.455	516	492	258	65.76253461
528	710034.2198	3147747.455	516	519	261	74.35095138
529	710034.2198	3147747.455	516	536	268	64.16915467
530	709793.6317	3147748.221	518	512	259	10.04766705
531	709793.6317	3147748.221	518	524	262	82.02163605
532	709793.6317	3147748.221	518	527	264	18.28582581
533	709961.385	3147756.743	519	487	260	127.6393448
534	709961.385	3147756.743	519	516	261	74.35095138
535	709961.385	3147756.743	519	524	265	91.73151358
536	709874.7892	3147757.428	524	518	262	82.02163605
537	709874.7892	3147757.428	524	502	263	67.6216413
538	709874.7892	3147757.428	524	519	265	91.73151358
539	709797.6352	3147766.064	527	518	264	18.28582581
540	709797.6352	3147766.064	527	557	279	76.68451877
541	709797.6352	3147766.064	527	584	292	111.9736817
542	709675.5451	3147774.609	532	489	266	140.1467639
543	709675.5451	3147774.609	532	512	267	114.10803
544	709675.5451	3147774.609	532	615	308	234.1335418
545	710014.5083	3147790.638	536	516	268	64.16915467
546	710014.5083	3147790.638	536	539	270	67.69533417
547	710014.5083	3147790.638	536	548	274	37.28795221
548	710096.4406	3147796.489	537	513	269	171.3745773
549	710096.4406	3147796.489	537	548	275	92.50193735
550	710096.4406	3147796.489	537	561	281	45.22247984
551	709949.7399	3147803.684	539	536	270	67.69533417
552	709949.7399	3147803.684	539	541	272	51.28571029
553	709949.7399	3147803.684	539	564	282	42.51089009
554	709909.993	3147809.871	541	542	271	33.89077594
555	709909.993	3147809.871	541	539	272	51.28571029
556	709909.993	3147809.871	541	545	273	8.476589247
557	709888.352	3147793.655	542	541	271	33.89077594
558	709902.8849	3147814.489	545	541	273	8.476589247
559	709902.8849	3147814.489	545	552	276	27.95550138
560	709902.8849	3147814.489	545	571	286	36.2211619
561	710009.2045	3147827.049	548	536	274	37.28795221
562	710009.2045	3147827.049	548	537	275	92.50193735
563	710009.2045	3147827.049	548	564	283	45.77161537
564	710009.2045	3147827.049	548	594	297	98.41039382
565	709880.1317	3147829.338	552	545	276	27.95550138
566	709880.1317	3147829.338	552	553	278	6.96290976
567	709880.1317	3147829.338	552	571	294	105.003146
568	709873.5179	3147831.515	553	554	277	50.8814963
569	709873.5179	3147831.515	553	552	278	6.96290976
570	709873.5179	3147831.515	553	557	280	41.24228461
571	709855.043	3147784.447	554	553	277	50.8814963
572	709833.229	3147833.48	557	527	279	76.68451877
573	709833.229	3147833.48	557	553	280	41.24228461
574	709833.229	3147833.48	557	584	293	55.411545
575	710105.4981	3147840.795	561	537	281	45.22247984
576	710105.4981	3147840.795	561	568	284	154.8683153
577	710105.4981	3147840.795	561	611	306	115.8371866
578	709965.9311	3147841.965	564	539	282	42.51089009
579	709965.9311	3147841.965	564	548	283	45.77161537
580	709965.9311	3147841.965	564	575	289	27.96723499
581	710260.3528	3147842.85	568	561	284	154.8683153
582	710260.3528	3147842.85	568	513	285	98.22610804
583	710260.3528	3147842.85	568	603	302	96.42329566
584	709915.3405	3147848.501	571	545	286	36.2211619
585	709915.3405	3147848.501	571	575	288	24.28400707
586	709915.3405	3147848.501	571	552	294	105.003146
587	713169.3238	3147848.75	574	122	287	928.3913821
588	713169.3238	3147848.75	574	580	291	496.2099371
589	713169.3238	3147848.75	574	668	334	732.7860646
590	709939.4882	3147851.071	575	571	288	24.28400707
591	709939.4882	3147851.071	575	564	289	27.96723499
592	709939.4882	3147851.071	575	591	296	68.95911867
593	712764.7994	3147853.453	580	470	290	909.3727702
594	712764.7994	3147853.453	580	574	291	496.2099371
595	712764.7994	3147853.453	580	470	331	1738.518105
596	709800.0733	3147865.172	584	527	292	111.9736817
597	709800.0733	3147865.172	584	557	293	55.411545
598	709800.0733	3147865.172	584	589	295	42.59619888
599	709802.4313	3147902.773	589	584	295	42.59619888
600	709802.4313	3147902.773	589	597	301	129.5267101
601	709802.4313	3147902.773	589	615	309	62.10093652
602	709947.9738	3147919.235	591	575	296	68.95911867
603	709947.9738	3147919.235	591	600	300	41.11525147
604	709947.9738	3147919.235	591	605	303	22.12611731
605	710017.6507	3147923.227	594	548	297	98.41039382
606	710017.6507	3147923.227	594	596	298	17.29182713
607	710017.6507	3147923.227	594	605	304	78.69675613
608	710017.6507	3147923.227	594	610	305	31.90651242
609	710034.1372	3147918.011	596	594	298	17.29182713
610	709889.5245	3147925.799	597	598	299	10.09717276
611	709889.5245	3147925.799	597	589	301	129.5267101
612	709889.5245	3147925.799	597	627	314	71.37948888
613	709887.8205	3147915.846	598	597	299	10.09717276
614	709907.6341	3147926.82	600	591	300	41.11525147
615	710262.1885	3147939.253	603	568	302	96.42329566
616	710262.1885	3147939.253	603	611	307	145.3937061
617	710262.1885	3147939.253	603	647	324	164.1362785
618	709942.3792	3147940.643	605	591	303	22.12611731
619	709942.3792	3147940.643	605	594	304	78.69675613
620	709942.3792	3147940.643	605	627	315	73.46118929
621	710023.8635	3147954.523	610	594	305	31.90651242
622	710023.8635	3147954.523	610	619	310	28.55344545
623	710023.8635	3147954.523	610	632	316	52.554853
624	710117.7594	3147955.965	611	561	306	115.8371866
625	710117.7594	3147955.965	611	603	307	145.3937061
626	710117.7594	3147955.965	611	619	311	77.12916484
627	709816.2198	3147961.531	615	532	308	234.1335418
628	709816.2198	3147961.531	615	589	309	62.10093652
629	709816.2198	3147961.531	615	623	312	20.45257703
630	710041.1073	3147964.531	619	610	310	28.55344545
631	710041.1073	3147964.531	619	611	311	77.12916484
632	710041.1073	3147964.531	619	632	317	55.79844212
633	709827.7856	3147978.399	623	615	312	20.45257703
634	709827.7856	3147978.399	623	626	313	50.15063004
635	709827.7856	3147978.399	623	637	319	40.93044506
636	709874.5441	3147960.874	626	623	313	50.15063004
637	709903.0458	3147992.921	627	597	314	71.37948888
638	709903.0458	3147992.921	627	605	315	73.46118929
639	709903.0458	3147992.921	627	637	320	59.04750147
640	710019.2691	3148002.255	632	610	316	52.554853
641	710019.2691	3148002.255	632	619	317	55.79844212
642	710019.2691	3148002.255	632	635	318	7.794307202
643	710017.5754	3148009.863	635	632	318	7.794307202
644	710017.5754	3148009.863	635	641	322	45.02040678
645	710017.5754	3148009.863	635	649	325	162.5913847
646	709849.4792	3148013.086	637	623	319	40.93044506
647	709849.4792	3148013.086	637	627	320	59.04750147
648	709849.4792	3148013.086	637	657	329	295.9685046
649	709980.9349	3148030.362	641	642	321	39.54785708
650	709980.9349	3148030.362	641	635	322	45.02040678
651	709980.9349	3148030.362	641	646	323	51.27988472
652	709968.5803	3147992.904	642	641	321	39.54785708
653	709935.8461	3148043.826	646	641	323	51.27988472
654	710266.2061	3148103.332	647	603	324	164.1362785
655	710266.2061	3148103.332	647	649	326	258.6860502
656	710266.2061	3148103.332	647	653	327	142.9158319
657	710016.9401	3148172.395	649	635	325	162.5913847
658	710016.9401	3148172.395	649	647	326	258.6860502
659	710016.9401	3148172.395	649	657	330	75.04579118
660	710277.9491	3148245.765	653	647	327	142.9158319
661	710277.9491	3148245.765	653	656	328	315.6116376
662	710277.9491	3148245.765	653	663	333	357.2269206
663	710496.4333	3148018.003	656	653	328	315.6116376
664	710004.7046	3148246.398	657	637	329	295.9685046
665	710004.7046	3148246.398	657	649	330	75.04579118
666	710004.7046	3148246.398	657	663	332	147.5127247
667	709998.0149	3148392.936	663	657	332	147.5127247
668	709998.0149	3148392.936	663	653	333	357.2269206
669	709998.0149	3148392.936	663	779	390	2715.221707
670	713550.8552	3148474.378	668	574	334	732.7860646
671	713550.8552	3148474.378	668	678	339	600.3793596
672	713550.8552	3148474.378	668	686	343	1039.76256
673	707817.7867	3148773.021	669	670	335	960.9297309
674	707817.7867	3148773.021	669	671	336	11.7753881
675	707817.7867	3148773.021	669	674	337	932.0977892
676	707826.0279	3147812.643	670	669	335	960.9297309
677	707817.5692	3148784.79	671	669	336	11.7753881
678	707817.5692	3148784.79	671	675	338	939.5229618
679	707817.5692	3148784.79	671	760	381	1679.633252
680	706894.5879	3148850.075	674	669	337	932.0977892
681	706887.611	3148860.313	675	671	338	939.5229618
682	713910.36	3148954.256	678	668	339	600.3793596
683	713910.36	3148954.256	678	42	340	4012.481869
684	713910.36	3148954.256	678	682	341	487.0185899
685	713820.6162	3149423.052	682	678	341	487.0185899
686	713820.6162	3149423.052	682	683	342	210.1583156
687	713820.6162	3149423.052	682	690	345	133.2152539
688	714015.6574	3149346.842	683	682	342	210.1583156
689	713324.0426	3149434.828	686	668	343	1039.76256
690	714948.0093	3149465.794	687	688	344	59.45247145
691	714973.4035	3149519.55	688	687	344	59.45247145
692	714973.4035	3149519.55	688	695	348	187.4750896
693	714973.4035	3149519.55	688	698	349	92.21283982
694	713830.4325	3149555.779	690	682	345	133.2152539
695	713830.4325	3149555.779	690	692	346	9.433911969
696	713830.4325	3149555.779	690	699	350	241.3041782
697	713831.3887	3149565.164	692	690	346	9.433911969
698	713831.3887	3149565.164	692	693	347	265.8941402
699	713831.3887	3149565.164	692	706	353	240.859117
700	714079.3785	3149484.474	693	692	347	265.8941402
701	714804.7019	3149601.225	695	688	348	187.4750896
702	715012.7865	3149602.93	698	688	349	92.21283982
703	715012.7865	3149602.93	698	701	351	1604.220821
704	715012.7865	3149602.93	698	728	365	1242.854535
705	713602.7903	3149622.22	699	690	350	241.3041782
706	716227.4583	3149746.493	701	698	351	1604.220821
707	716227.4583	3149746.493	701	703	352	1817.978433
708	716227.4583	3149746.493	701	764	383	2294.670097
709	717733.7729	3148924.032	703	701	352	1817.978433
710	713863.1052	3149803.409	706	692	353	240.859117
711	713863.1052	3149803.409	706	707	354	352.3988576
712	713863.1052	3149803.409	706	709	355	171.1368618
713	713863.1052	3149803.409	706	716	358	72.2847924
714	714163.8821	3149649.934	707	706	354	352.3988576
715	713694.858	3149834.343	709	706	355	171.1368618
716	713694.858	3149834.343	709	711	356	86.13403967
717	713694.858	3149834.343	709	718	359	52.10685574
718	713610.4111	3149848.486	711	709	356	86.13403967
719	713610.4111	3149848.486	711	713	357	2.399468305
720	713610.4111	3149848.486	711	721	361	124.0179596
721	713608.1341	3149849.243	713	711	357	2.399468305
722	713880.5436	3149873.559	716	706	358	72.2847924
723	713880.5436	3149873.559	716	718	360	169.0064834
724	713880.5436	3149873.559	716	726	363	128.3796255
725	713712.3738	3149883.02	718	709	359	52.10685574
726	713712.3738	3149883.02	718	716	360	169.0064834
727	713712.3738	3149883.02	718	736	368	168.1774151
728	713566.9695	3149955.878	721	711	361	124.0179596
729	713566.9695	3149955.878	721	723	362	174.9274879
730	713566.9695	3149955.878	721	733	367	90.56401682
731	713395.8925	3149959.892	723	721	362	174.9274879
732	713911.5218	3149998.145	726	716	363	128.3796255
733	713911.5218	3149998.145	726	728	364	22.15025662
734	713911.5218	3149998.145	726	731	366	116.3991659
735	713919.3162	3150018.863	728	726	364	22.15025662
736	713919.3162	3150018.863	728	698	365	1242.854535
737	713919.3162	3150018.863	728	764	382	480.0141676
738	713801.5586	3150036.268	731	726	366	116.3991659
739	713801.5586	3150036.268	731	736	369	56.09019219
740	713801.5586	3150036.268	731	744	373	65.99602158
741	713596.9408	3150040.024	733	721	367	90.56401682
742	713596.9408	3150040.024	733	739	370	52.9152334
743	713596.9408	3150040.024	733	751	376	64.87412328
744	713746.6246	3150047.598	736	718	368	168.1774151
745	713746.6246	3150047.598	736	731	369	56.09019219
746	713746.6246	3150047.598	736	744	372	28.05435526
747	713548.6678	3150061.698	739	733	370	52.9152334
748	713548.6678	3150061.698	739	741	371	27.12066894
749	713548.6678	3150061.698	739	747	374	24.25237076
750	713523.924	3150072.8	741	739	371	27.12066894
751	713748.8402	3150075.565	744	736	372	28.05435526
752	713748.8402	3150075.565	744	731	373	65.99602158
753	713748.8402	3150075.565	744	751	377	108.8615946
754	713557.6053	3150084.243	747	739	374	24.25237076
755	713557.6053	3150084.243	747	750	375	41.74383503
756	713557.6053	3150084.243	747	757	379	40.94615438
757	713595.7598	3150067.308	750	747	375	41.74383503
758	713640.8783	3150087.717	751	733	376	64.87412328
759	713640.8783	3150087.717	751	744	377	108.8615946
760	713640.8783	3150087.717	751	755	378	21.1913285
761	713621.2653	3150095.742	755	751	378	21.1913285
762	713572.688	3150122.31	757	747	379	40.94615438
763	707183.0928	3149838.568	759	760	380	615.8866662
764	707269.0911	3150321.308	760	759	380	615.8866662
765	707269.0911	3150321.308	760	671	381	1679.633252
766	707269.0911	3150321.308	760	775	389	1097.204719
767	707269.0911	3150321.308	760	784	392	594.968285
768	714075.3915	3150472.661	764	728	382	480.0141676
769	714075.3915	3150472.661	764	701	383	2294.670097
770	714075.3915	3150472.661	764	806	403	405.5301569
771	706239.8983	3150693.131	767	768	384	132.256537
772	706117.8766	3150744.146	768	767	384	132.256537
773	706354.3145	3150785.487	769	770	385	342.9986716
774	706354.3145	3150785.487	769	775	388	84.5867991
775	706354.3145	3150785.487	769	787	394	72.49806989
776	706246.987	3150463.827	770	769	385	342.9986716
777	706236.87	3150497.757	771	772	386	322.2066728
778	706345.479	3150797.183	772	771	386	322.2066728
779	706345.479	3150797.183	772	794	397	69.96062248
780	706345.479	3150797.183	772	816	408	101.6041238
781	706261.5266	3150747.986	773	774	387	152.3353241
782	706121.8926	3150808.883	774	773	387	152.3353241
783	706121.8926	3150808.883	774	782	391	68.29000147
784	706121.8926	3150808.883	774	797	399	69.51746427
785	706430.8459	3150817.648	775	769	388	84.5867991
786	706430.8459	3150817.648	775	760	389	1097.204719
787	706430.8459	3150817.648	775	787	395	47.79283505
788	706430.8459	3150817.648	775	811	407	76.54997311
789	710753.2307	3150827.613	779	663	390	2715.221707
790	710753.2307	3150827.613	779	801	402	538.9625445
791	710753.2307	3150827.613	779	835	418	194.0196944
792	706058.1835	3150833.473	782	774	391	68.29000147
793	707547.1262	3150840.672	784	760	392	594.968285
794	707547.1262	3150840.672	784	786	393	1303.507622
795	707547.1262	3150840.672	784	959	480	989.8005507
796	708093.3965	3149762.04	786	784	393	1303.507622
797	706392.9337	3150846.748	787	769	394	72.49806989
798	706392.9337	3150846.748	787	775	395	47.79283505
799	706392.9337	3150846.748	787	794	398	16.45800736
800	706392.9337	3150846.748	787	811	406	57.18254503
801	706051.244	3150843.857	791	792	396	12.35637232
802	706058.6366	3150853.758	792	791	396	12.35637232
803	706058.6366	3150853.758	792	824	412	104.0678943
804	706058.6366	3150853.758	792	831	416	124.7762911
805	706380.605	3150857.651	794	772	397	69.96062248
806	706380.605	3150857.651	794	787	398	16.45800736
807	706380.605	3150857.651	794	816	409	60.79291694
808	706380.605	3150857.651	794	820	411	54.70315595
809	706163.5995	3150864.499	797	774	399	69.51746427
810	706163.5995	3150864.499	797	800	400	140.1833957
811	706163.5995	3150864.499	797	825	413	90.4674203
812	706291.6079	3150807.357	800	797	400	140.1833957
813	710222.1219	3150868.939	801	802	401	192.5336506
814	710222.1219	3150868.939	801	779	402	538.9625445
815	710222.1219	3150868.939	801	912	456	1240.971994
816	710029.5905	3150868.005	802	801	401	192.5336506
817	714107.221	3150875.365	806	764	403	405.5301569
818	714107.221	3150875.365	806	807	405	1206.050815
819	714107.221	3150875.365	806	906	453	537.7619163
820	715313.251	3150880.716	807	808	404	1018.459822
821	715313.251	3150880.716	807	806	405	1206.050815
822	715313.251	3150880.716	807	941	471	825.820552
823	715977.5243	3150512.016	808	807	404	1018.459822
824	706429.3463	3150890.821	811	787	406	57.18254503
825	706429.3463	3150890.821	811	775	407	76.54997311
826	706429.3463	3150890.821	811	1095	548	1608.041776
827	706332.223	3150894.461	816	772	408	101.6041238
828	706332.223	3150894.461	816	794	409	60.79291694
829	706332.223	3150894.461	816	820	410	87.41392807
830	706332.223	3150894.461	816	850	425	308.8359419
831	706332.223	3150894.461	816	852	427	310.1612343
832	706416.3896	3150898.997	820	816	410	87.41392807
833	706416.3896	3150898.997	820	794	411	54.70315595
834	706416.3896	3150898.997	820	1106	553	1640.431811
835	706126.622	3150932.55	824	792	412	104.0678943
836	706126.622	3150932.55	824	828	414	58.64180967
837	706126.622	3150932.55	824	831	417	71.57494783
838	706218.619	3150936.313	825	797	413	90.4674203
839	706218.619	3150936.313	825	828	415	68.51723415
840	706164.0251	3150977.715	828	824	414	58.64180967
841	706164.0251	3150977.715	828	825	415	68.51723415
842	706164.0251	3150977.715	828	873	438	396.2810271
843	706071.2441	3150977.896	831	792	416	124.7762911
844	706071.2441	3150977.896	831	824	417	71.57494783
845	706071.2441	3150977.896	831	841	422	71.45705704
846	710867.63	3150984.126	835	779	418	194.0196944
847	710867.63	3150984.126	835	908	454	801.5742624
848	710867.63	3150984.126	835	993	497	1083.84899
849	712271.1743	3150999.726	837	838	419	705.6765333
850	712271.1743	3150999.726	837	840	420	1069.82381
851	712271.1743	3150999.726	837	963	482	888.0867735
852	712379.7092	3150458.171	838	837	419	705.6765333
853	713160.5637	3150416.606	840	837	420	1069.82381
854	706015.9658	3151023.177	841	842	421	110.1531894
855	706015.9658	3151023.177	841	831	422	71.45705704
856	706015.9658	3151023.177	841	846	424	77.73959427
857	706004.633	3150913.609	842	841	421	110.1531894
858	705949.7047	3150995.808	845	846	423	80.83753189
859	705959.1437	3151076.092	846	845	423	80.83753189
860	705959.1437	3151076.092	846	841	424	77.73959427
861	705959.1437	3151076.092	846	860	431	101.1901318
862	706088.9981	3151084.475	850	816	425	308.8359419
863	706088.9981	3151084.475	850	852	426	11.18856665
864	706088.9981	3151084.475	850	879	441	263.1682284
865	706096.0955	3151093.125	852	850	426	11.18856665
866	706096.0955	3151093.125	852	816	427	310.1612343
867	706096.0955	3151093.125	852	856	428	26.20136565
868	706096.0955	3151093.125	852	885	444	261.5937652
869	706110.7516	3151114.843	856	852	428	26.20136565
870	706110.7516	3151114.843	856	858	429	252.4820232
871	706110.7516	3151114.843	856	884	442	215.0536755
872	706110.7516	3151114.843	856	901	451	334.7196418
873	706312.0651	3150962.462	858	856	429	252.4820232
874	705887.795	3151088.456	859	860	430	64.52048959
875	705893.0998	3151152.758	860	859	430	64.52048959
876	705893.0998	3151152.758	860	846	431	101.1901318
877	705893.0998	3151152.758	860	867	435	29.54653276
878	705861.5776	3151165.033	863	864	432	3.574078254
879	705861.5776	3151165.033	863	865	433	54.16800012
880	705861.5776	3151165.033	863	867	434	16.7258214
881	705858.6301	3151163.011	864	863	432	3.574078254
882	705869.6566	3151115.601	865	863	433	54.16800012
883	705874.4684	3151175.69	867	863	434	16.7258214
884	705874.4684	3151175.69	867	860	435	29.54653276
885	705874.4684	3151175.69	867	872	436	37.97207892
886	705850.5164	3151205.155	872	867	436	37.97207892
887	705884.4995	3151256.26	873	874	437	48.98551411
888	705884.4995	3151256.26	873	828	438	396.2810271
889	705884.4995	3151256.26	873	877	439	3.69502531
890	705846.6687	3151225.14	874	873	437	48.98551411
891	705887.3281	3151258.637	877	873	439	3.69502531
892	705887.3281	3151258.637	877	879	440	34.20022785
893	705887.3281	3151258.637	877	897	449	101.0653788
894	705913.8491	3151280.231	879	877	440	34.20022785
895	705913.8491	3151280.231	879	850	441	263.1682284
896	705913.8491	3151280.231	879	885	443	10.86971072
897	705913.8491	3151280.231	879	904	452	164.1630864
898	706245.4445	3151282.449	884	856	442	215.0536755
899	706245.4445	3151282.449	884	890	445	27.44730592
900	706245.4445	3151282.449	884	917	460	293.2975969
901	705921.8507	3151287.588	885	879	443	10.86971072
902	705921.8507	3151287.588	885	852	444	261.5937652
903	705921.8507	3151287.588	885	909	455	181.1457594
904	706262.8218	3151303.695	890	884	445	27.44730592
905	706262.8218	3151303.695	890	891	446	71.25340553
906	706262.8218	3151303.695	890	924	462	302.5555944
907	706318.0273	3151258.646	891	890	446	71.25340553
908	708299.5107	3151312.286	893	894	447	130.3047362
909	708429.8023	3151314.14	894	893	447	130.3047362
910	708429.8023	3151314.14	894	895	448	122.2404961
911	708429.8023	3151314.14	894	900	450	39.50698415
912	708348.3877	3151222.956	895	894	448	122.2404961
913	705824.9159	3151338.129	897	877	449	101.0653788
914	708453.6653	3151345.626	900	894	450	39.50698415
915	708453.6653	3151345.626	900	912	458	1163.245698
916	708453.6653	3151345.626	900	949	475	402.68791
917	705894.5248	3151369.044	901	856	451	334.7196418
918	705894.5248	3151369.044	901	913	457	164.6628853
919	705894.5248	3151369.044	901	917	459	233.2566012
920	705811.3743	3151408.467	904	879	452	164.1630864
921	714120.8649	3151408.824	906	806	453	537.7619163
922	714120.8649	3151408.824	906	922	461	694.5898794
923	714120.8649	3151408.824	906	930	465	248.1901551
924	710478.9653	3151411.374	908	835	454	801.5742624
925	705807.5971	3151428.087	909	885	455	181.1457594
926	709539.5852	3151470.717	912	801	456	1240.971994
927	709539.5852	3151470.717	912	900	458	1163.245698
928	709539.5852	3151470.717	912	949	476	1277.355066
929	705793.8748	3151499.365	913	901	457	164.6628853
930	706072.7649	3151519.508	917	901	459	233.2566012
931	706072.7649	3151519.508	917	884	460	293.2975969
932	706072.7649	3151519.508	917	932	467	173.8752369
933	713438.9019	3151533.932	922	906	461	694.5898794
934	713438.9019	3151533.932	922	928	464	467.2836698
935	713438.9019	3151533.932	922	1176	588	1337.026853
936	706142.4241	3151551.181	924	890	462	302.5555944
937	706142.4241	3151551.181	924	926	463	47.35460967
938	706142.4241	3151551.181	924	944	473	195.447023
939	706183.6969	3151574.398	926	924	463	47.35460967
940	712977.1816	3151594.585	928	922	464	467.2836698
941	712977.1816	3151594.585	928	936	468	364.1825497
942	712977.1816	3151594.585	928	1035	519	481.6526732
943	714128.3327	3151655.61	930	906	465	248.1901551
944	714128.3327	3151655.61	930	939	470	766.9785248
945	714128.3327	3151655.61	930	1056	528	512.8622288
946	705792.674	3151505.603	931	932	466	236.6971343
947	705971.4047	3151660.783	932	931	466	236.6971343
948	705971.4047	3151660.783	932	917	467	173.8752369
949	705971.4047	3151660.783	932	944	472	73.85501909
950	712619.8907	3151665.092	936	928	468	364.1825497
951	712619.8907	3151665.092	936	962	481	346.5592312
952	712619.8907	3151665.092	936	1024	512	410.0792468
953	705906.6172	3151694.945	937	938	469	172.3567
954	705906.6172	3151694.945	937	953	477	88.06871124
955	705906.6172	3151694.945	937	957	479	196.5368691
956	705778.3963	3151579.766	938	937	469	172.3567
957	714663.0018	3151485.547	939	930	470	766.9785248
958	715310.7556	3151706.28	941	807	471	825.820552
959	715310.7556	3151706.28	941	948	474	262.3933928
960	715310.7556	3151706.28	941	969	485	71.09067521
961	706027.2638	3151709.098	944	932	472	73.85501909
962	706027.2638	3151709.098	944	924	473	195.447023
963	706027.2638	3151709.098	944	953	478	65.6818795
964	715049.04	3151718.22	948	941	474	262.3933928
965	708533.2151	3151723.072	949	900	475	402.68791
966	708533.2151	3151723.072	949	912	476	1277.355066
967	708533.2151	3151723.072	949	998	499	281.543349
968	705976.3448	3151744.478	953	937	477	88.06871124
969	705976.3448	3151744.478	953	944	478	65.6818795
970	705762.236	3151663.71	957	937	479	196.5368691
971	707442.4547	3151747.558	959	784	480	989.8005507
972	707442.4547	3151747.558	959	974	487	59.2338582
973	707442.4547	3151747.558	959	977	489	107.068009
974	712286.7234	3151760.501	962	936	481	346.5592312
975	712286.7234	3151760.501	962	963	483	60.989517
976	712286.7234	3151760.501	962	1027	515	315.1505071
977	712226.678	3151771.19	963	837	482	888.0867735
978	712226.678	3151771.19	963	962	483	60.989517
979	712226.678	3151771.19	963	993	498	912.6554939
980	715573.5327	3151773.832	967	968	484	314.621826
981	715573.5327	3151773.832	967	969	486	263.259992
982	715573.5327	3151773.832	967	976	488	501.2905103
983	715573.5327	3151773.832	967	985	493	122.1232474
984	715569.2093	3151459.24	968	967	484	314.621826
985	715310.2965	3151777.369	969	941	485	71.09067521
986	715310.2965	3151777.369	969	967	486	263.259992
987	715310.2965	3151777.369	969	989	495	120.44966
988	707475.2712	3151796.87	974	959	487	59.2338582
989	707475.2712	3151796.87	974	980	490	60.43865803
990	707475.2712	3151796.87	974	1007	504	310.1293803
991	715968.1948	3151667.858	976	967	488	501.2905103
992	707356.4144	3151811.281	977	959	489	107.068009
993	707508.7455	3151847.192	980	974	490	60.43865803
994	707508.7455	3151847.192	980	982	491	31.5857221
995	707508.7455	3151847.192	980	1007	505	245.1995854
996	707526.2461	3151873.487	982	980	491	31.5857221
997	707526.2461	3151873.487	982	984	492	191.4336972
998	707526.2461	3151873.487	982	988	494	27.65712057
999	707706.2224	3151808.253	984	982	492	191.4336972
1000	715573.8115	3151895.955	985	967	493	122.1232474
1001	715573.8115	3151895.955	985	1067	535	303.0697488
1002	707541.5612	3151896.516	988	982	494	27.65712057
1003	707541.5612	3151896.516	988	1012	506	160.7543709
1004	707541.5612	3151896.516	988	1013	508	241.9720549
1005	715310.6086	3151897.818	989	969	495	120.44966
1006	715310.6086	3151897.818	989	1063	532	297.8405745
1007	708585.1909	3151875.45	991	992	496	55.62263062
1008	708538.0604	3151904.99	992	991	496	55.62263062
1009	708538.0604	3151904.99	992	998	500	75.04902808
1010	711332.4856	3151945.868	993	835	497	1083.84899
1011	711332.4856	3151945.868	993	963	498	912.6554939
1012	711332.4856	3151945.868	993	1001	503	973.7363824
1013	711332.4856	3151945.868	993	1227	614	1294.566426
1014	708479.111	3151951.437	998	949	499	281.543349
1015	708479.111	3151951.437	998	992	500	75.04902808
1016	708479.111	3151951.437	998	1082	543	541.9764573